GeneSet	Category	Prop._SNPs	Prop._h2	Prop._h2_std_error	Enrichment	Enrichment_std_error	Enrichment_p	Coefficient	Coefficient_std_error	Coefficient_z-score	Enrichment_p_fdr
GOBP_ION_TRANSMEMBRANE_TRANSPORT	L2_1	0.09403725013877334	0.0976010713348988	0.00847234252044647	1.037897973312344	0.09009560049813888	0.6737537102813125	6.273332119674781e-10	8.874657519593617e-10	0.7068816014392009	0.7533180612406574
GOBP_MITOCHONDRIAL_FISSION	L2_1	0.00374977416304446	0.00360611988161889	0.00120244285712954	0.9616898844625524	0.32067074038220805	0.90500421200578	7.41948298309237e-10	2.865651430199505e-9	0.25891086769669786	0.9369455371353959
GOMF_TRANSCRIPTION_FACTOR_BINDING	L2_1	0.04663086490395576	0.05696677292181675	0.00599913516553719	1.2216537917353572	0.12865159541632856	0.08728190290398447	1.0784671950860902e-9	1.2372292524213684e-9	0.8716793536650002	0.1995014923519645
GOBP_REGULATION_OF_DEVELOPMENTAL_GROWTH	L2_1	0.03104161455851118	0.04642059677461471	0.00770605348556838	1.4954311312356274	0.24824911961467191	0.04750415913830253	3.4229229850519622e-9	2.324185047809165e-9	1.4727411607257754	0.133340925707023
GOBP_ORGANELLE_LOCALIZATION	L2_1	0.04538077243032772	0.05051095016142523	0.00513594632112419	1.113047386731325	0.1131745020208573	0.3185028635437541	1.0587471221130255e-9	1.0912760460000231e-9	0.9701918465027896	0.45206858051371557
GOCC_INTRINSIC_COMPONENT_OF_PRESYNAPTIC_MEMBRANE	L2_1	0.00954143313406	0.01918362830665044	0.00477844118416652	2.010560472113015	0.5008095866761303	0.04520149450311186	7.1372890361718405e-9	4.546999957826843e-9	1.5696699147503352	0.132400886828757
GOBP_MUSCLE_STRUCTURE_DEVELOPMENT	L2_1	0.05466655058185833	0.06653987111556653	0.00740758718827334	1.217195349026622	0.1355049314330002	0.10929368266504004	8.135208910532751e-10	1.315774699897293e-9	0.6182828193282459	0.23178564501307064
GOMF_GLUTAMATE_RECEPTOR_BINDING	L2_1	0.00412956607934799	0.01262232955915967	0.00602319174755683	3.0565752712576972	1.4585531825435318	0.16057877157183992	1.8463703693246767e-8	1.3109838123361292e-8	1.4083853301243336	0.2943944145483732
GOCC_DENDRITIC_SHAFT	L2_1	0.00455901276916116	0.00966690679575662	0.00178324021544467	2.1203947620298695	0.3911461331074058	0.0044376086289096	9.233402203710811e-9	3.4606245924584134e-9	2.668131707736447	0.023314003542928046
GOBP_RESPONSE_TO_STEROID_HORMONE	L2_1	0.02656194877539753	0.03184419106657417	0.00480547845402041	1.198865013099837	0.1809158843974351	0.27199842218262005	1.6494999529642196e-9	1.6598237725519395e-9	0.9937801712697204	0.41091607128018137
GOBP_BRANCHING_MORPHOGENESIS_OF_A_NERVE	L2_1	0.00117997188130697	0.01015434875256817	0.0073807406787323	8.605585364729965	6.25501403521342	0.2256836729894605	6.41177967077665e-8	5.55612427274515e-8	1.154002206579289	0.3660956448367903
GOBP_NEGATIVE_REGULATION_OF_MULTICELLULAR_ORGANISMAL_PROCESS	L2_1	0.08046354744102614	0.07743824002432104	0.00859686200617783	0.962401515805372	0.1068416976330642	0.7241267297546004	-7.817861331439614e-10	1.060660594851257e-9	-0.7370747409104946	0.7867055829432694
GOBP_REGULATION_OF_POSTSYNAPTIC_MEMBRANE_NEUROTRANSMITTER_RECEPTOR_LEVELS	L2_1	0.00525887667146606	0.00756314629939044	0.00184514255938928	1.4381676490774191	0.3508624892081564	0.21273704018866663	2.9251642503781832e-9	3.1319893596793952e-9	0.9339636615743856	0.3520256109760284
GOBP_RESPONSE_TO_ORGANIC_CYCLIC_COMPOUND	L2_1	0.07274843700696458	0.0809654365325209	0.00888928819297417	1.112950873772995	0.12219215365579825	0.35553654517468203	1.213362916552537e-9	1.2054144397272831e-9	1.0065939784386957	0.4776674194713285
GOBP_COGNITION	L2_1	0.03165508586501383	0.05070195685261597	0.00720349982139882	1.6017001839395837	0.2275621633792614	0.00931872070636373	4.6477808809303164e-9	2.1198674980065254e-9	2.1924865046051143	0.043160390640000434
GOBP_GROWTH	L2_1	0.08062710623890422	0.09899909285510708	0.00908526580315602	1.227863648755609	0.11268252361973266	0.04500327388601682	1.3896398715753996e-9	1.1353301345794795e-9	1.2239962890530651	0.132400886828757
GOCC_SYNAPTIC_MEMBRANE	L2_1	0.0449402540680428	0.07676253010734582	0.00708263260398271	1.7081018276203286	0.1576010806093596	1.3074726167784404e-5	4.714930929915469e-9	1.4789376855369204e-9	3.188052462267021	5.752879513825137e-4
GOCC_POSTSYNAPTIC_MEMBRANE	L2_1	0.03214760753739332	0.05989284235012494	0.00690475357090125	1.863057531745062	0.21478281277603037	9.475857418719336e-5	6.064456543724764e-9	1.979945983486869e-9	3.0629404005480456	0.0015161371869950938
GOBP_NEGATIVE_REGULATION_OF_NERVOUS_SYSTEM_DEVELOPMENT	L2_1	0.01436750806344873	0.02159840942582359	0.00296541702314378	1.5032815245651707	0.20639744972114385	0.01568306096642047	2.371782736658738e-9	1.8828212233556633e-9	1.259696198044561	0.06133819400200006
GOCC_NEURON_PROJECTION_MEMBRANE	L2_1	0.007651028935816	0.01375665634076624	0.00215870853980133	1.7980138954080505	0.2821461737905585	0.00535954871389065	4.929832899624078e-9	2.552738729928855e-9	1.931193679096753	0.026950873532707267
GOCC_CYTOPLASMIC_REGION	L2_1	0.02392756173757486	0.02871652325550195	0.00411189270051683	1.2001441505177148	0.17184754324798962	0.24376136529439324	1.5577413283268332e-9	1.5804211715447011e-9	0.985649494181541	0.3847713030655893
GOBP_REGULATION_OF_NEURON_PROJECTION_DEVELOPMENT	L2_1	0.0479116561058009	0.06224210666235449	0.0046844884987183	1.2991015490031983	0.0977734622316913	0.00244742508925402	5.8073999274694e-10	9.40277187047208e-10	0.6176263773565136	0.015236891285419002
GOBP_REGULATION_OF_CATION_CHANNEL_ACTIVITY	L2_1	0.01707184794097926	0.03020225156535966	0.00653841410373361	1.769126088152542	0.3829939281522538	0.04684347476456999	6.6227131027725675e-9	3.476421087914536e-9	1.9050376623809555	0.13297502513813417
GOMF_TRANSITION_METAL_ION_BINDING	L2_1	0.07797544068192108	0.08696988386915883	0.00765096665266655	1.115349693551949	0.0981202104887938	0.2413904930396597	1.557601875939971e-9	9.619796169185287e-10	1.619163076375127	0.38274528626108206
GOCC_PRESYNAPSE	L2_1	0.05040295016455692	0.07324104260740534	0.00720559096735597	1.4531102320059834	0.14295970660112084	0.00184551274334684	3.3410819975782203e-9	1.3651752955130803e-9	2.4473648245462316	0.012256990295435616
GOBP_TRANS_SYNAPTIC_SIGNALING_BY_LIPID	L2_1	0.00108569491268392	0.00241996996679329	0.00215888424108643	2.2289594788750864	1.988481493156764	0.5379235716644885	1.1006517354290672e-8	1.770614240511293e-8	0.6216214182888512	0.6375390478986529
GOBP_AXONAL_TRANSPORT	L2_1	0.00645814010329199	0.00996671957381003	0.00187200247294302	1.5432801726815386	0.28986712009991544	0.06118653065293553	4.3598232515887134e-9	2.584722898853532e-9	1.68676621138867	0.161937284134085
GOBP_CALMODULIN_DEPENDENT_KINASE_SIGNALING_PATHWAY	L2_1	8.88417839551e-4	0.00137868994662555	8.0218653420379e-4	1.55184856184601	0.9029383455528296	0.5413829418063112	6.7473837894364535e-9	8.066680858642473e-9	0.836451064282213	0.6394858909926898
GOMF_CATION_CHANNEL_ACTIVITY	L2_1	0.03240158499379064	0.03916422918491327	0.00430861698213016	1.208713375978941	0.1329755005181339	0.11642907663586322	1.5688195181208676e-9	1.2374977049407879e-9	1.2677352950694427	0.24250316553741924
GOBP_RNA_DESTABILIZATION	L2_1	0.00684833268161443	0.01110707682348545	0.00291344122144425	1.6218658379877453	0.4254234361694944	0.14354335343284633	6.235574220103176e-9	3.827976180369253e-9	1.6289480201263116	0.27610524813312515
GOBP_POSITIVE_REGULATION_OF_CELLULAR_COMPONENT_ORGANIZATION	L2_1	0.08979394778767015	0.11182382100268091	0.00881005542439112	1.2453380629516744	0.09811413398622013	0.0134191915130585	1.7202444368897835e-9	9.700405924987034e-10	1.773373661053347	0.05557124014819521
GOCC_INTRINSIC_COMPONENT_OF_POSTSYNAPTIC_MEMBRANE	L2_1	0.01514487367305586	0.03500309764467255	0.00585099286377374	2.3112175380469706	0.3863348741021993	8.9808511252288e-4	9.384800394319268e-9	3.5240394332413592e-9	2.6630804144229643	0.006726084246979867
GOBP_METAL_ION_HOMEOSTASIS	L2_1	0.05516578235876614	0.06336047045128491	0.00833599059601186	1.1485465761951004	0.15110799193963084	0.3276488622812962	1.7285540843831583e-9	1.4363899863199826e-9	1.203401653343252	0.458558286142473
GOCC_DENDRITIC_TREE	L2_1	0.06291981139909202	0.09623221883688896	0.00768768025783472	1.529442264639046	0.12218218851726668	3.243996186062868e-5	4.5871713309347765e-9	1.1863486500416071e-9	3.866630042335275	8.041368285665049e-4
GOBP_MICROTUBULE_BASED_MOVEMENT	L2_1	0.03187484178831667	0.03444950375543702	0.00397890091042073	1.080774109695003	0.12482888344497284	0.5169659020028167	8.170694217736571e-10	1.1469181874384328e-9	0.7124042767152629	0.6210648379009949
GOCC_ANCHORED_COMPONENT_OF_SYNAPTIC_MEMBRANE	L2_1	0.002215005504802	0.00297529258012713	0.00159397103976394	1.3432438762237255	0.7196239631496661	0.6336738564229858	1.053337248500131e-9	6.417849030961451e-9	0.16412621166664182	0.7241141623114193
GOBP_TRANSMEMBRANE_TRANSPORT	L2_1	0.1202442343846222	0.11611943249743988	0.00876786782184668	0.9656964684561224	0.07291715787221141	0.6377141770356249	-2.182370777969368e-11	7.50331498089131e-10	-0.02908542135745614	0.7241141623114193
GOCC_POSTSYNAPSE	L2_1	0.06406019366368185	0.10480225876734324	0.00834841228362216	1.6359965959135023	0.1303213712941863	2.9612713519803948e-6	4.9124234439251034e-9	1.2500309306128578e-9	3.929841513214932	2.084735031794198e-4
GOCC_INTRINSIC_COMPONENT_OF_POSTSYNAPTIC_DENSITY_MEMBRANE	L2_1	0.008085172698799	0.01852161285829542	0.00293700182334871	2.290812274306357	0.36325777231511513	4.7323007348061e-4	8.714594685884918e-9	3.272372279581874e-9	2.663081685497721	0.004383604891188809
GOBP_CHEMICAL_HOMEOSTASIS	L2_1	0.09429609242095371	0.10261022708006765	0.00847116096832622	1.08817051105361	0.08983575831021215	0.32828604576108866	1.1729496050921868e-9	9.147074489219141e-10	1.282322130944315	0.458558286142473
GOBP_MICROTUBULE_BASED_PROCESS	L2_1	0.06768666965601823	0.06776886314987782	0.00500323281217477	1.0012143232083557	0.07391755034781679	0.986903055128699	6.561713405736402e-11	7.202102467524445e-10	0.09110830393380724	0.986903055128699
GOCC_TRANSPORTER_COMPLEX	L2_1	0.03832543302401429	0.04218360369260209	0.00404727481790327	1.1006686777986383	0.10560284642752228	0.340736302210626	1.2990975972938095e-10	1.0078113061993538e-9	0.1289028600197939	0.46851241553961076
GOBP_NEUROGENESIS	L2_1	0.1525500326362709	0.2200045503949312	0.01132545183632643	1.4421796350545129	0.07424090077600976	1.9587533908221257e-8	3.0021820026827112e-9	8.274015806359258e-10	3.628446056841333	6.662429085218349e-6
GOMF_PROTEIN_DOMAIN_SPECIFIC_BINDING	L2_1	0.05657708509368732	0.06574921737570986	0.00550176280645216	1.1621174414842017	0.09724365964315168	0.09619242984865642	9.666573974960702e-10	9.51505998741393e-10	1.0159235977226824	0.21295431010520163
GOCC_PLASMA_MEMBRANE_PROTEIN_COMPLEX	L2_1	0.05615032244568548	0.0689343122093704	0.00581208239478524	1.227674378469526	0.10350933247814029	0.02877696254552089	1.5762639924397916e-9	9.955972262488563e-10	1.58323461625012	0.09466813846750796
GOBP_GLYCOSYL_COMPOUND_METABOLIC_PROCESS	L2_1	0.00701574978959628	0.00484657383068841	0.0014024090295789	0.6908133807558877	0.19989439071195975	0.12294596985122692	-2.5740497463862912e-9	1.8038361551309255e-9	-1.426986447225005	0.2501559617782189
GOBP_CELL_CELL_ADHESION_VIA_PLASMA_MEMBRANE_ADHESION_MOLECULES	L2_1	0.03071751650979281	0.04819320267949939	0.00450246362542525	1.5689159852534074	0.14657642078551036	1.4807361749115e-4	2.031964680320881e-9	1.3714373298961467e-9	1.4816314504686503	0.0019872325002198046
GOBP_RESPONSE_TO_AUDITORY_STIMULUS	L2_1	0.00406598783894205	0.01034271353327627	0.00542135690881957	2.543714822316679	1.333343119449707	0.24857409652955023	1.2547977812402545e-8	1.1937868070112851e-8	1.051107093721126	0.3854541056317255
GOBP_REGULATION_OF_POSTSYNAPTIC_DENSITY_ORGANIZATION	L2_1	0.00283518691583297	0.00486670246662888	8.1747913148836e-4	1.7165367261858453	0.28833341707497057	0.01307193870217944	3.0063586160523934e-9	2.61164177281996e-9	1.151137436742035	0.05557124014819521
GOCC_CAVEOLA	L2_1	0.00968117106086249	0.01131899259029767	0.00190168906213236	1.1691759725283966	0.1964317178342412	0.39063004121545064	6.03116859343834e-10	1.7852001571960214e-9	0.33784271019286577	0.5111590130402923
GOBP_NEURON_MIGRATION	L2_1	0.01880355816712823	0.03575654820976994	0.0067079872426999004	1.90158415189091	0.35674031388519795	0.01325211584339562	5.642494939437198e-9	3.2878816059703693e-9	1.7161490636375571	0.05557124014819521
GOMF_PROTEIN_HOMODIMERIZATION_ACTIVITY	L2_1	0.05438472619166843	0.05755643182383337	0.00649304972686192	1.0583197867170808	0.1193910529948874	0.6252923966841768	2.85439456339344e-10	1.1803546387856858e-9	0.24182516589505315	0.7190781037941831
GOBP_REGULATION_OF_VESICLE_MEDIATED_TRANSPORT	L2_1	0.04616870645456697	0.05544392852481203	0.00769035325431004	1.2008984609385251	0.16657068921516915	0.22948832534581995	2.022436679009255e-9	1.5716442099283843e-9	1.2868285749618944	0.36718132055331193
GOCC_DISTAL_AXON	L2_1	0.02603705084866885	0.0476923242839832	0.00758673257534209	1.8317099183458976	0.2913821776297664	0.00511103651332809	6.2931776640096835e-9	2.6738832953749235e-9	2.353572302461792	0.026073693517267935
GOCC_SITE_OF_POLARIZED_GROWTH	L2_1	0.01669406905603424	0.03303380368618797	0.00438135054071773	1.978774831666793	0.26244952779406744	2.577191110337e-4	7.126749683703373e-9	2.3871108514091687e-9	2.9855126667017924	0.00288125610940365
GOCC_SARCOLEMMA	L2_1	0.01557029430015203	0.01887695962860752	0.00378746753080688	1.2123701238211793	0.2432495788322963	0.38402059066784744	1.4650072665859654e-9	2.20312363365931e-9	0.664968249717625	0.5062743367606078
GOBP_PURINE_NUCLEOSIDE_METABOLIC_PROCESS	L2_1	0.00293365769978623	0.00242018070217488	0.00104166332729058	0.8249703782248491	0.3550732341290154	0.6221749495303392	-3.3130597190111334e-9	3.1649683742867883e-9	-1.0467907818376594	0.7180510892940309
GOBP_UROGENITAL_SYSTEM_DEVELOPMENT	L2_1	0.03521680934865183	0.0410792146952472	0.00575932949569393	1.166466112490676	0.16353921897567977	0.3101121487691678	-1.9326604289696943e-11	1.5353373813547975e-9	-0.01258785497207327	0.4437377088079149
GOBP_REGULATION_OF_CELLULAR_COMPONENT_BIOGENESIS	L2_1	0.08258528249288435	0.1041279987870358	0.00717432314999967	1.2608541818090602	0.08687169109844507	0.0029496214848904	2.1657872362915768e-9	8.943191777951926e-10	2.421716194917115	0.016515880392942855
GOCC_SYNAPSE	L2_1	0.12752536880831394	0.1759523698751128	0.00955380542505193	1.3797440581378793	0.07491690096119197	1.2301078387410951e-6	3.015976182968938e-9	7.842149713705987e-10	3.8458538705245777	1.0824948980921637e-4
GOMF_PASSIVE_TRANSMEMBRANE_TRANSPORTER_ACTIVITY	L2_1	0.04337931600213985	0.04721031714809344	0.00461476924072322	1.0883140053606335	0.10638178897278108	0.40553438405404474	6.001039175641292e-10	1.003830062676819e-9	0.5978142515117436	0.5198021987831913
GOBP_NEGATIVE_REGULATION_OF_RELEASE_OF_CYTOCHROME_C_FROM_MITOCHONDRIA	L2_1	0.00132960721228875	0.00244344268418335	0.00136458139346221	1.8377176820342864	1.0263041452018482	0.4149243704099653	6.244144946610496e-9	9.092373063796928e-9	0.6867453527036619	0.5253718646917546
GOCC_GABA_ERGIC_SYNAPSE	L2_1	0.00806353261169514	0.02033184096255261	0.00505804974430592	2.5214557863961296	0.6272746682973487	0.01660844442289586	1.1449409553589752e-8	5.685927090532663e-9	2.0136398816392767	0.06219332379637599
GOBP_NEGATIVE_REGULATION_OF_MITOCHONDRION_ORGANIZATION	L2_1	0.00379993219439374	0.0040877639144341	0.00143678445760319	1.0757465410738176	0.3781079198526124	0.8412024949476746	1.3868478310980575e-9	3.381294287655549e-9	0.41015295124153206	0.8786447424972744
GOBP_ANIMAL_ORGAN_MORPHOGENESIS	L2_1	0.0947564055915972	0.107767851759979	0.00726535241778736	1.1373146869295727	0.07667399763031574	0.07550338814332257	-2.7034090634140227e-10	7.894927398998025e-10	-0.3424235495512122	0.1845638376836774
GOBP_REGULATION_OF_AMPA_RECEPTOR_ACTIVITY	L2_1	0.00282310872768198	0.00659151554065297	0.00125829588287396	2.334842960889141	0.4457128662937245	0.00270504984888422	9.73683730950686e-9	3.943271805224264e-9	2.469228039671767	0.015622061939317205
GOBP_HEART_DEVELOPMENT	L2_1	0.05490475929261407	0.06046200968146967	0.00571989667367217	1.101216187092968	0.1041785219963914	0.3306625321971406	-9.094887654768895e-11	1.0310571996849872e-9	-0.08820934141721334	0.4592277751639482
GOBP_ESTABLISHMENT_OF_ORGANELLE_LOCALIZATION	L2_1	0.03431866185753475	0.03738892510125267	0.00402287744015234	1.0894633729153935	0.11722127910616986	0.4450891778126701	1.0513075994483551e-9	1.116385287007719e-9	0.9417067849991166	0.5536091540284801
GOBP_POSITIVE_REGULATION_OF_MULTICELLULAR_ORGANISMAL_PROCESS	L2_1	0.11657598799159694	0.13511996450271313	0.00919413069889831	1.1590720081433312	0.07886813448718998	0.0457270581604046	1.198099591493018e-9	8.168118313278641e-10	1.466799996696065	0.132400886828757
GOBP_HOMOPHILIC_CELL_ADHESION_VIA_PLASMA_MEMBRANE_ADHESION_MOLECULES	L2_1	0.01819562269686146	0.02843540628885951	0.00332935506027983	1.56276082234681	0.1829756043938037	0.00251624471554441	1.6851888584431414e-9	1.7071318731629047e-9	0.9871462685075946	0.015254607226301507
GOMF_TRANSCRIPTION_COREGULATOR_ACTIVITY	L2_1	0.03887817788453554	0.05124128357984518	0.00632626147970318	1.3179960164806817	0.1627201125138008	0.0520290272339891	2.0477031114373478e-9	1.534978174392405e-9	1.33402750970573	0.14087859681818587
GOBP_RESPONSE_TO_HORMONE	L2_1	0.06826625493465281	0.06459329942342967	0.00670790669965311	0.946196616252949	0.09826094468012336	0.5842289609823222	-5.476360619228111e-10	9.477410551469887e-10	-0.5778330050689598	0.6809556101515809
GOBP_MAMMARY_GLAND_EPITHELIUM_DEVELOPMENT	L2_1	0.0094885910608994	0.01416373895299331	0.00371386903281971	1.4927125494278357	0.3914036350585107	0.2102739266126766	2.982665600148126e-9	3.54150796882219e-9	0.8422021428177331	0.3520256109760284
GOCC_DYSTROGLYCAN_COMPLEX	L2_1	0.00169614667214882	0.00385513662695482	0.00136660269896034	2.2728792799922233	0.8057102144527508	0.11475549368825172	1.0483829509363478e-8	7.143156274794148e-9	1.467674667339628	0.2404400820134798
GOBP_CATION_TRANSPORT	L2_1	0.0968311699117571	0.09649281068732454	0.00860928025964493	0.9965056786493348	0.08891021628149934	0.9686080047850076	2.8332188421747047e-10	8.836749500237773e-10	0.32061776132711134	0.9769341480926151
GOMF_GATED_CHANNEL_ACTIVITY	L2_1	0.03457834290278115	0.04081723598523394	0.00444177986045907	1.18042776370151	0.12845554435466658	0.1598135845820724	1.1970973202423552e-9	1.192730185564673e-9	1.003661460681164	0.2943944145483732
GOBP_NEGATIVE_REGULATION_OF_DEVELOPMENTAL_PROCESS	L2_1	0.07111905587487266	0.07980489097041854	0.0062769151912553	1.122130911169965	0.08825925926658745	0.16799788131258112	-2.2058995999764244e-12	8.826533672476736e-10	-0.002499168622508	0.30640028094315314
GOBP_REGULATION_OF_EXOCYTOSIS	L2_1	0.01737866747053719	0.02670944076855229	0.00730401633080807	1.5369095941235982	0.4202863276595224	0.20348971498439755	4.778924202627356e-9	3.832592827667476e-9	1.2469167525776066	0.34932099997053007
GOBP_AXON_DEVELOPMENT	L2_1	0.05119709103548488	0.07477446921428957	0.00692655328755144	1.4605218324311264	0.1352919306050147	8.9572839491571e-4	1.6652611159708662e-9	1.2959546929049707e-9	1.2849686220419252	0.006726084246979867
GOBP_CELL_PROJECTION_ORGANIZATION	L2_1	0.13935427657608193	0.172485333032688	0.00898466117388593	1.237746966010891	0.06447352312851815	3.115594099291e-4	1.1648774026322515e-9	6.969409124536576e-10	1.6714148671960898	0.003225556243971859
GOBP_STEROID_HORMONE_MEDIATED_SIGNALING_PATHWAY	L2_1	0.01120889410935021	0.01929271365675074	0.00412212302043222	1.7211968878051211	0.36775465806155166	0.0509418524773169	5.675092494140308e-9	3.3132316746994e-9	1.7128571290310366	0.1390041245892678
GOBP_REGULATION_OF_CALCIUM_ION_TRANSMEMBRANE_TRANSPORT	L2_1	0.01539566382980222	0.0237295881183918	0.00655029855276954	1.541316333009113	0.4254638595115186	0.2059473010752998	5.078308997938043e-9	3.855475461922151e-9	1.3171680245647956	0.34932099997053007
GOBP_GMP_METABOLIC_PROCESS	L2_1	0.00297475709002225	0.00413876500819256	7.2115743877045e-4	1.3912951151791686	0.24242565592643425	0.10705353178495332	2.872750750199084e-9	2.1692458941697536e-9	1.324308487995819	0.23118308704480717
GOBP_METAL_ION_TRANSPORT	L2_1	0.07720998550785174	0.07913969642151426	0.00800854328558963	1.024993022611904	0.10372419102157736	0.8094545755934723	5.826135375678036e-10	9.960794220656607e-10	0.5849067099083172	0.8660425854373929
GOCC_VOLTAGE_GATED_CALCIUM_CHANNEL_COMPLEX	L2_1	0.00525837341362644	0.01034923189678755	0.00245568625481154	1.968143203746002	0.467004919895557	0.03888114158155851	6.987413634023511e-9	4.178705472497937e-9	1.6721479127952492	0.11798415376472927
GOBP_REGULATION_OF_MITOCHONDRIAL_FUSION	L2_1	0.0011521249475144	4.3449464714241e-4	4.905586675743e-4	0.37712458885626543	0.4257859953754465	0.14640941347775488	-4.13262626467939e-9	3.801765291838896e-9	-1.0870282480485425	0.27707587926972965
GOBP_NEGATIVE_REGULATION_OF_CELL_DEVELOPMENT	L2_1	0.01677375154730816	0.02302385086674283	0.00342425278625315	1.3726118931598028	0.2041435260678265	0.0692643303497048	1.6954836706292556e-9	1.8668724451861547e-9	0.908194705536077	0.17505067523461898
GOCC_NEUROTRANSMITTER_RECEPTOR_COMPLEX	L2_1	0.0052535085878434	0.00938447943056446	0.00220597693369335	1.7863260854431855	0.4199054587629257	0.06218441848491363	4.558010302537377e-9	3.771582756250408e-9	1.2085139309176425	0.16335011422902684
GOBP_RESPONSE_TO_ENDOGENOUS_STIMULUS	L2_1	0.12715211924392555	0.13402736853423727	0.01093660850556806	1.0540710554506951	0.08601200334370782	0.5298082229048352	1.319048189562678e-10	9.395056636013187e-10	0.1403981094170837	0.6300422110219662
GOBP_REGULATION_OF_CELLULAR_LOCALIZATION	L2_1	0.06544146868083875	0.07271315802742703	0.00682768849565892	1.1111174534002692	0.10433275159147012	0.2879106478325576	9.671412584901123e-10	1.0504059760224735e-9	0.9207309179183693	0.425817428727144
GOBP_HEAD_DEVELOPMENT	L2_1	0.07466903667558607	0.1050994493931478	0.0078368655301643	1.407537234607331	0.10495468910645069	1.8875740076192e-4	2.069469617306234e-9	1.060737198959287e-9	1.9509729830693572	0.002291124312696408
GOBP_REGULATION_OF_CELL_DEVELOPMENT	L2_1	0.04661325087956889	0.06507291022093106	0.00741576459171524	1.3960174197902435	0.15909134101963401	0.01411491917994388	2.2056463077357767e-9	1.5201184901799567e-9	1.4509699881847138	0.05710863852115225
GOBP_GLUTAMATE_RECEPTOR_SIGNALING_PATHWAY	L2_1	0.0075008903469946	0.01065886027136703	0.00232087982064308	1.4210126769334446	0.30941391131960755	0.1753243843252074	2.1484782802830614e-9	2.793037560812797e-9	0.7692264187302359	0.3148682820534337
GOBP_POSITIVE_REGULATION_OF_INTRACELLULAR_SIGNAL_TRANSDUCTION	L2_1	0.07877159458420753	0.08326993152625448	0.0086773129664235	1.057106079492122	0.11015789400006852	0.6046730657760202	5.186776722444105e-10	1.0981358212132714e-9	0.4723256105709688	0.7001477603722339
GOBP_MEMBRANE_BIOGENESIS	L2_1	0.00761965919714605	0.01179611209717246	0.00123137516914663	1.5481154461069195	0.161605018976157	6.3884935599103e-4	3.1436333315821392e-9	1.417130105575683e-9	2.218309609832963	0.005354166031162918
GOCC_MULTIVESICULAR_BODY	L2_1	0.00568631032992074	0.00408554517677448	0.00157603018171902	0.7184879015970679	0.2771621825537955	0.30880537910131395	-1.377361469834756e-9	2.5143014998095255e-9	-0.5478107816183143	0.44367140181086734
GOBP_NEGATIVE_REGULATION_OF_SIGNALING	L2_1	0.10762655382954892	0.12303357817671104	0.01037995311001002	1.1431526310092828	0.09644416494510304	0.14171034097799398	9.278913902384131e-10	1.0231964294998094e-9	0.9068555787396696	0.2740771429904059
GOBP_PROTEIN_LOCALIZATION_TO_CELL_PERIPHERY	L2_1	0.0316787389834762	0.03073797773157675	0.00355857123012927	0.9703030713315276	0.11233310871324276	0.7919243766574997	-7.639183590177602e-10	1.0505576077723675e-9	-0.7271551349169653	0.8524690537719873
GOBP_REGULATION_OF_TRANS_SYNAPTIC_SIGNALING	L2_1	0.04698717145441012	0.07287236861942374	0.00686362156599656	1.5508992425757964	0.14607437207953822	2.203788200903e-4	3.7682872188260194e-09	1.3948101962341483e-9	2.701648746904796	0.0025857781557261867
GOBP_REGULATION_OF_SYNAPTIC_PLASTICITY	L2_1	0.02048175530966377	0.03635298538611317	0.00644464528178728	1.7748959909193418	0.3146529769714878	0.01484196413315461	5.983927385996777e-9	2.886482327659179e-9	2.073086444582358	0.05936785653261844
GOBP_POSTSYNAPSE_ASSEMBLY	L2_1	0.00454391503397242	0.0088088248710096791	0.00109219623875487	1.9385980602962016	0.24036458221359883	8.746398994046749e-5	3.956344593404877e-9	2.146238644346892e-9	1.843385218985658	0.0014660630694783123
GOBP_REGULATION_OF_SYNAPTIC_VESICLE_TRANSPORT	L2_1	5.2389141104942e-4	8.0384283306771e-4	1.1081958051879e-4	1.5343691767297898	0.21153158494583543	0.01003633341335273	4.364470255183129e-9	1.888290669221404e-9	2.311333909722026	0.04588038131818391
GOBP_POSTSYNAPTIC_SPECIALIZATION_ASSEMBLY	L2_1	0.00395359358809251	0.00791052649323825	0.00104757214259634	2.0008446283055683	0.2649670784957346	1.5242976564186e-4	4.465386123863913e-9	2.375091052611876e-9	1.880090499668781	0.0019872325002198046
GOCC_RECEPTOR_COMPLEX	L2_1	0.03937774516666977	0.04802413875087766	0.00575430085783302	1.2195756396820403	0.1461307861452564	0.13467844618277483	1.1800991086648888e-9	1.3704650574446919e-9	0.8610939054989472	0.2674941657964324
GOBP_REGULATION_OF_SYNAPTIC_TRANSMISSION_GLUTAMATERGIC	L2_1	0.00856259663598974	0.0199741995691303	0.00516509668394591	2.332726907300066	0.6032161625173744	0.02834831274483209	1.0182056026903491e-8	5.413678639921437e-9	1.8808017069611749	0.0941377932658575
GOCC_ANCHORED_COMPONENT_OF_PRESYNAPTIC_MEMBRANE	L2_1	0.00174127212510184	0.00252011019003023	0.00135416462848507	1.4472810732457069	0.7776869617124732	0.5656874514874619	1.838572388139961e-9	6.944124819494894e-9	0.26476661003822455	0.6615348269886598
GOBP_MEMBRANE_DEPOLARIZATION_DURING_AV_NODE_CELL_ACTION_POTENTIAL	L2_1	8.8757907648495e-4	0.00228716646354485	4.0974717043609e-4	2.5768593741558488	0.46164581983928393	7.5073791371942e-4	1.2823259779266721e-8	4.039538124835069e-9	3.1744371220138645	0.006145575479749671
GOCC_DENDRITIC_SPINE_MEMBRANE	L2_1	0.00183454257804564	0.00473344593892631	0.00124333466619247	2.5801777487055633	0.6777355189635383	0.02200724725946272	1.2287117941182326e-8	6.0555709961725885e-9	2.029060174333415	0.07669852510228592
GOBP_CELL_SURFACE_RECEPTOR_SIGNALING_PATHWAY_INVOLVED_IN_CELL_CELL_SIGNALING	L2_1	0.04949960234243039	0.05535999061244042	0.00751456595268653	1.1183926333280174	0.15181063275421813	0.4361196327582695	-5.301732574033812e-10	1.4406203071839416e-9	-0.3680173427790557	0.5443762791876272
GOBP_REGULATION_OF_NEURON_DIFFERENTIATION	L2_1	0.01741624405589584	0.02865826812780352	0.00373429292896341	1.645490728989984	0.2144143660928581	0.00295596722941875	2.688514990927259e-9	1.9501402730020992e-9	1.378626465053453	0.016515880392942855
GOBP_NEUROTRANSMITTER_RECEPTOR_LOCALIZATION_TO_POSTSYNAPTIC_SPECIALIZATION_MEMBRANE	L2_1	0.00191925764771582	0.0045843507917071	0.00121798432542845	2.3886062390649383	0.6346122037747386	0.02950996103079883	1.0267236945515585e-8	5.653078891851773e-9	1.81622035388796	0.096180613730011
GOBP_POSITIVE_REGULATION_OF_PROTEIN_METABOLIC_PROCESS	L2_1	0.10993667506604	0.1155510370829796	0.00971442265212145	1.0510690541947625	0.08836380258258592	0.5638257318445689	7.503924974595778e-10	9.470996150475726e-10	0.792305778122279	0.6615348269886598
GOBP_REGULATION_OF_GLUTAMATE_RECEPTOR_SIGNALING_PATHWAY	L2_1	7.1781343191818e-4	2.453742634659e-4	2.3550781844586e-4	0.3418357090507446	0.32809057057698243	0.04638379231543767	-3.5724608749572238e-9	2.9570832864406107e-9	-1.2081028935973366	0.13274060890271594
GOBP_REGULATION_OF_BLOOD_CIRCULATION	L2_1	0.02506693748648543	0.03610441525570181	0.00703218048760273	1.4403201537948989	0.28053608429007576	0.12090394448350068	4.1160764156464685e-9	2.589241332902406e-9	1.5896843462762735	0.24743132824530373
GOMF_SEQUENCE_SPECIFIC_DNA_BINDING	L2_1	0.10439379322041234	0.13253895511056565	0.0091173890374388	1.2696057018517266	0.08733650494133076	0.0023724454911812	1.963325641235849e-9	9.270512035719339e-10	2.1178179087316247	0.01518365114355968
GOBP_REGULATION_OF_CELL_MORPHOGENESIS	L2_1	0.02963987372254288	0.03211746738151136	0.00331488702941539	1.0835898857789037	0.1118387703148082	0.4542381531408761	-5.407105717002455e-11	1.033376943690021e-9	-0.05232462123351195	0.5629994010760154
GOCC_PLASMA_MEMBRANE_REGION	L2_1	0.11601519100564169	0.13883178502504315	0.0086031535774947	1.196669020855139	0.07415540588194473	0.00898487267948378	1.4683700732286519e-9	7.677513752355914e-10	1.9125593526655285	0.04216900244237721
GOBP_REGULATION_OF_CATABOLIC_PROCESS	L2_1	0.07132606259957167	0.06408189779152346	0.00484085614272788	0.8984359357011288	0.06786938695753764	0.13935458294044228	-7.454981112387057e-10	6.908417811831229e-10	-1.0791155537263242	0.27251562886130937
GOBP_BIOLOGICAL_ADHESION	L2_1	0.13784299328368865	0.15912008760949975	0.00901163304029351	1.1543574600271604	0.065376069001542	0.02051056508175153	4.661086180458543e-10	7.080941185087338e-10	0.6582579996957073	0.07292645362400543
GOCC_INTRINSIC_COMPONENT_OF_POSTSYNAPTIC_SPECIALIZATION_MEMBRANE	L2_1	0.01058988696661169	0.02198530656107411	0.00311504372084386	2.076066215852015	0.2941526883776116	3.1079231765628e-4	6.923178869980715e-9	2.649906791503053e-9	2.61261222175057	0.003225556243971859
GOBP_REGULATION_OF_DENDRITE_DEVELOPMENT	L2_1	0.0120201457468254	0.0172955098077793	0.00268158001646315	1.438876879870375	0.22309047435397147	0.04919637885052883	2.6236940437394204e-9	1.982600185592179e-9	1.323360132217356	0.13635531775894605
GOBP_MECHANOSENSORY_BEHAVIOR	L2_1	0.00253524524341659	0.00880260040488643	0.00669772234668286	3.4720902949111623	2.6418439652239587	0.3522766539532508	1.907871903764095e-8	2.3658713766206497e-8	0.8064140437293132	0.4751010811936563
GOBP_POSTSYNAPTIC_DENSITY_PROTEIN_95_CLUSTERING	L2_1	0.00163944628888442	0.00376615951247507	5.4544342998143e-4	2.297214332674346	0.33269978631174685	8.428138830521914e-5	5.575266521264847e-9	2.9498216283882502e-9	1.8900351355519456	0.0014660630694783123
GOBP_NEGATIVE_REGULATION_OF_CELLULAR_COMPONENT_ORGANIZATION	L2_1	0.05662304930970639	0.06110919345588854	0.00471305189999413	1.0792282330406593	0.08323557204091117	0.3423571858105633	8.63917954740347e-11	8.185616647179639e-10	0.1055409741229466	0.46878866203260733
GOCC_INTRINSIC_COMPONENT_OF_SYNAPTIC_MEMBRANE	L2_1	0.02084074590192947	0.04168737135718697	0.00581001774725522	2.0002821181811674	0.2787816604355472	4.538046642051e-4	6.907217976726586e-9	2.5854925277450707e-9	2.671528887670271	0.004317276805410682
GOBP_CELL_PART_MORPHOGENESIS	L2_1	0.07262966815681313	0.10218291981619727	0.0074906313450396	1.4069033001166462	0.10313459410094984	1.1705589049727e-4	1.836996266626033e-9	1.0171649213709994e-9	1.805996479066554	0.0017376127585325698
GOBP_REGULATION_OF_TRANSMEMBRANE_TRANSPORT	L2_1	0.05331882608734308	0.06641770112626834	0.00748560497578402	1.2456707320875298	0.1403932817935947	0.08219421318568555	2.4010624432998667e-9	1.323391345515082e-9	1.814325332742251	0.1959811692986124
GOMF_ZINC_ION_BINDING	L2_1	0.05974794498855004	0.06663415692087771	0.00680696882515469	1.1152543729101867	0.11392808282291828	0.31259128540829983	1.2099821364217982e-9	1.0901286973085359e-9	1.1099443023646416	0.4454742205008969
GOBP_POSITIVE_REGULATION_OF_PROTEIN_BINDING	L2_1	0.00710683945856837	0.01103490911365273	0.00268199066592064	1.5527168128651725	0.37738163097058464	0.1460006446875719	4.224793360943103e-9	3.380148840353387e-9	1.2498838247908073	0.27707587926972965
GOBP_NEGATIVE_REGULATION_OF_ORGANELLE_ORGANIZATION	L2_1	0.02767918117936461	0.02691545114441639	0.00350300442819549	0.9724077807793822	0.12655737196471162	0.8274203666600667	-1.0590332462833244e-10	1.1808170643623694e-9	-0.08968647881585219	0.8744138931450329
GOCC_L_TYPE_VOLTAGE_GATED_CALCIUM_CHANNEL_COMPLEX	L2_1	0.00145726695094024	0.00291762462990366	6.1675209666708e-4	2.0021209072374684	0.4232251999327597	0.01793138799952067	8.623254941136101e-9	3.7244594661258765e-9	2.315303742614193	0.06574842266490913
GOBP_REGULATION_OF_ANATOMICAL_STRUCTURE_MORPHOGENESIS	L2_1	0.08538373158642472	0.08881848877051562	0.0063197953633714	1.0402273023241468	0.07401638750087369	0.5871811611178058	-9.132970628797043e-10	7.322004473505216e-10	-1.2473320197829485	0.6821378505394973
GOBP_REGULATION_OF_MEMBRANE_POTENTIAL	L2_1	0.04237347133334306	0.05598770519173091	0.00739970524503704	1.3212914455671467	0.17463061231932456	0.0675867093271954	2.3919504632942193e-9	1.6210629177358226e-9	1.4755444943710845	0.17239508466067233
GOCC_AXON	L2_1	0.06486741923844004	0.09803351240666576	0.00787182368427508	1.5112904684293602	0.12135250294666096	5.2111516885396073e-5	3.644060117003595e-9	1.1779852462090672e-9	3.093468384880648	0.0010790149378623187
GOBP_MULTICELLULAR_ORGANISMAL_HOMEOSTASIS	L2_1	0.04657668080988948	0.0484147336216538	0.00854559602619723	1.039462941107088	0.1834737013802576	0.82969954633648	8.25064181340135e-10	1.7569000580717651e-9	0.4696136115139415	0.8744138931450329
GOCC_MEMBRANE_PROTEIN_COMPLEX	L2_1	0.09525379208975972	0.10404335001004116	0.00691819831071456	1.0922751496549223	0.07262911175436877	0.20641695452804049	6.227493295073493e-10	7.477529336290601e-10	0.8328276647273957	0.34932099997053007
GOCC_EXOCYTIC_VESICLE	L2_1	0.01998755611115221	0.02923271872887195	0.00683523653306377	1.4625459243894925	0.34197460134958707	0.17962333720348508	4.0813745086672255e-9	3.143899327891325e-9	1.2981886768634805	0.3193303772506401
GOCC_CATION_CHANNEL_COMPLEX	L2_1	0.02519728126694825	0.03179340076168757	0.00347618357612828	1.2617790159524696	0.13795867654531668	0.05844526663451154	1.2413439912354531e-9	1.283177714057537e-9	0.9673983405698332	0.15704376988815316
GOBP_REGULATION_OF_METAL_ION_TRANSPORT	L2_1	0.03771061969660598	0.04045654387605124	0.00681328523517654	1.0728156737157093	0.18067285263386296	0.6867760657697874	8.591881087861906e-10	1.6646571956443184e-9	0.5161351604608511	0.760204953304922
GOBP_REGULATION_OF_TRANSPORT	L2_1	0.1382013128655015	0.14695608841787888	0.00923570963692804	1.0633479912082862	0.06682794428961976	0.344630413985034	8.535414276875831e-10	7.100186347468113e-10	1.2021394734124848	0.46878866203260733
GOBP_CALCIUM_ION_IMPORT	L2_1	0.00820779985905425	0.00881102149783894	0.00173601297303066	1.0734937071009665	0.21150771252245112	0.7282828096273168	1.3586986238827582e-9	1.917669047598741e-9	0.7085156980471099	0.7887863045809709
GOBP_SYNAPSE_ASSEMBLY	L2_1	0.02212757619785011	0.04749084679718112	0.00573229445918811	2.146229047978389	0.25905659110305346	1.850528996947864e-5	8.014266331743348e-9	2.4091065480976967e-9	3.3266549950111814	5.921692790233165e-4
GOBP_LOCALIZATION_WITHIN_MEMBRANE	L2_1	0.05673460479748988	0.06146582793899748	0.00452013625820262	1.083392193501574	0.07967159151521239	0.2943604260355104	2.2904955719162388e-10	7.673219007888445e-10	0.2985051735864045	0.43246939659696143
GOCC_INCLUSION_BODY	L2_1	0.00633568069564995	0.00764251385071788	0.00157058120391211	1.206265627616807	0.2478946271693377	0.4060954677993682	1.9492330042191555e-9	2.2584717622963038e-9	0.8630761016189419	0.5198021987831913
GOBP_REGULATION_OF_CELLULAR_COMPONENT_MOVEMENT	L2_1	0.09102894252610944	0.10197158747078722	0.0090231416254929	1.120210612592134	0.0991238761551562	0.2275957506528151	4.884686306614618e-10	1.0094278589065136e-9	0.48390642912372833	0.36718132055331193
GOBP_MULTICELLULAR_ORGANISMAL_SIGNALING	L2_1	0.0190177782541952	0.02163311822551304	0.00278094412058793	1.1375207942989305	0.14622865423170456	0.34905822977561884	5.863290886324041e-10	1.3430361842812287e-9	0.4365698374286153	0.4725711418500686
GOBP_REGULATION_OF_PHOSPHORUS_METABOLIC_PROCESS	L2_1	0.10732979945678348	0.1119591819820086	0.0102121071175518	1.043132313194055	0.09514698778193212	0.6509414715781556	2.6656426719449857e-10	9.93206228605147e-10	0.2683876314074871	0.7343955063958679
GOCC_GLUTAMATERGIC_SYNAPSE	L2_1	0.03470969319892323	0.05794065051246061	0.00705180552306917	1.669293075579765	0.2031653083954064	0.00123584697872447	4.421686822955e-9	1.900993589875807e-9	2.3259872345197494	0.009062877843979446
GOBP_SYNAPSE_ORGANIZATION	L2_1	0.04633981412003941	0.07988396166220135	0.00700039779121322	1.723873157006384	0.1510665919608412	3.7677570551111823e-6	4.994198514072162e-9	1.438238402950627e-9	3.472441358697058	2.2104174723318936e-4
GOBP_VOCALIZATION_BEHAVIOR	L2_1	0.00341242365788263	0.00590740480437804	0.00114590589943696	1.7311463630056727	0.3358041129476812	0.03023265382967618	2.141715187199926e-9	2.9972432083011653e-9	0.7145616949829868	0.0976320564040919
GOBP_REGULATION_OF_DENDRITIC_SPINE_DEVELOPMENT	L2_1	0.00640596904058422	0.0091661960758701	0.00180357525549888	1.4308836052436098	0.2815460462066804	0.12601990426697646	2.709516609755716e-9	2.5083221469739534e-9	1.0802107747700926	0.2534800360112898
GOBP_REGULATION_OF_PROTEIN_LOCALIZATION_TO_MEMBRANE	L2_1	0.01575146712241696	0.01595828268576568	0.00322104643251461	1.0131299238186129	0.20449183606081545	0.9488628134656836	-7.868742815703997e-10	1.8467395988856893e-9	-0.4260883787000585	0.9681151024345525
GOMF_IONOTROPIC_GLUTAMATE_RECEPTOR_BINDING	L2_1	0.00195784074875372	0.00942821549223564	0.00551677487794131	4.8156191959112284	2.817785298141872	0.17836211307613772	3.357761378951147e-8	2.5357414775898058e-8	1.3241733862170613	0.31869778580101765
GOBP_REGULATION_OF_INTRACELLULAR_STEROID_HORMONE_RECEPTOR_SIGNALING_PATHWAY	L2_1	0.0056064600860336	0.00808095346396501	0.00229656548233003	1.441364665039831	0.40962843703303387	0.2809912073502264	3.310272245483161e-9	3.6479857912166652e-9	0.907424654299196	0.41834552332656044
GOBP_SECRETION	L2_1	0.07684881413161433	0.08885154672847373	0.00847191546926264	1.1561863085655824	0.11024132987599924	0.15913880828941313	1.613895680665213e-9	1.1037090323280975e-9	1.462247416115603	0.2943944145483732
GOCC_ENDOPLASMIC_RETICULUM	L2_1	0.14239277965912334	0.11806730192287752	0.00767620721915429	0.8291663538384529	0.05390868299313003	0.00166707739858657	-1.3532580268673306e-9	6.012096155203062e-10	-2.2508921879038435	0.01150610282946025
GOBP_SPINAL_CORD_MOTOR_NEURON_DIFFERENTIATION	L2_1	0.00302541837921115	0.00491070715476115	0.00183893957725298	1.6231497727734336	0.6078298426059232	0.3064261878641581	3.0718658412454153e-9	5.449533451083767e-9	0.5636933636281292	0.44285210828225485
GOBP_TEMPERATURE_HOMEOSTASIS	L2_1	0.01675932482257225	0.02552795501807216	0.00787631536528984	1.523209036660588	0.46996615010896187	0.2679722515873176	5.115216688402858e-9	4.327186704217841e-9	1.1821113896973527	0.40657858861524043
GOBP_REGULATION_OF_SECRETION	L2_1	0.05060878262096347	0.0592320509045486	0.00788510400763814	1.170390747158837	0.1558050519945115	0.2762270571272817	1.700279834622939e-9	1.4970927875465152e-9	1.1357210780565	0.4155210432000135
GOBP_VESICLE_LOCALIZATION	L2_1	0.01594270510147439	0.02128440292638774	0.00351695967447649	1.3350559262630624	0.220599932827663	0.12930807605171069	2.9899580617953495e-9	2.0240888742923878e-9	1.4771871431982575	0.25861615210342137
GOCC_INTRINSIC_COMPONENT_OF_PLASMA_MEMBRANE	L2_1	0.14170784573939396	0.160802064684197	0.01033675242741691	1.1347435552715834	0.07294410816481246	0.0674731976286168	1.132328679653893e-9	7.604121697026686e-10	1.489098576758245	0.17239508466067233
GOBP_POSITIVE_REGULATION_OF_CELL_DIFFERENTIATION	L2_1	0.07208195587468813	0.09424019837771624	0.00833863635235878	1.307403458107455	0.11568271492043312	0.00870009985157999	1.9919528166988807e-9	1.1407295249744464e-9	1.7462095729866396	0.04138425875346158
GOBP_SYNAPTIC_VESICLE_LOCALIZATION	L2_1	0.00496229005131384	0.00792812768127407	0.00235214127372983	1.5976751861118992	0.47400318187911417	0.2082486612204811	4.136913156353005e-9	4.241729650025891e-9	0.9752892092799345	0.350734587318705
GOBP_POSITIVE_REGULATION_OF_GENE_EXPRESSION	L2_1	0.08155544920039878	0.09279854613041257	0.00879174920725959	1.137858316522629	0.10780088017977102	0.2044331788631537	1.5681605722555794e-9	1.0955486852866872e-9	1.431392865799677	0.34932099997053007
GOBP_REGENERATION	L2_1	0.01655986696546762	0.01994745746483751	0.00406309840128113	1.2045662870622122	0.2453581547336061	0.404388284973337	1.1681766977863846e-9	2.240868944795924e-9	0.5213052287146452	0.5198021987831913
GOBP_CHEMICAL_SYNAPTIC_TRANSMISSION_POSTSYNAPTIC	L2_1	0.01083463802928256	0.01997322679296336	0.00568927246356857	1.843460458852628	0.5251003723605984	0.1091681698423612	6.132494414598488e-9	4.7119424864870106e-9	1.301479046526005	0.23178564501307064
GOBP_REGULATION_OF_NEURON_MATURATION	L2_1	8.1829724722994e-4	0.00180927917023064	4.4385715612616e-4	2.211029276165017	0.5424155557515195	0.02521779502489577	8.054968319432415e-9	4.790540472384475e-9	1.6814320567514345	0.08453965570250772
GOBP_RECEPTOR_CLUSTERING	L2_1	0.00733565402298445	0.01112776842643738	0.00137899705743135	1.5169429190050774	0.18798556381075324	0.00553218331821643	2.224708486448237e-9	1.6698153114925634e-9	1.3323081128413432	0.027427162366368777
GOCC_POSTSYNAPTIC_DENSITY_MEMBRANE	L2_1	0.01257456813347874	0.02701042350932072	0.00340545501850097	2.148019973537518	0.27082083315722283	3.426719439914084e-5	8.026967011018808e-9	2.4527019198278446e-9	3.272703848000502	8.041368285665049e-4
GOBP_RESPONSE_TO_AMMONIUM_ION	L2_1	7.6914573155991e-4	0.00118949234877602	0.0010347412729258	1.546511018612282	1.34531237770406	0.6844762804514926	3.082893812162586e-9	1.1966437013762489e-8	0.25762838250157327	0.7600493713530769
GOBP_LOCOMOTORY_BEHAVIOR	L2_1	0.02065235971729658	0.03073611605407869	0.00626232262630656	1.4882617034961312	0.30322552541353404	0.10930800304593671	2.89029809178423e-9	2.778798269017754e-9	1.0401251951282842	0.23178564501307064
GOBP_MEMBRANE_DEPOLARIZATION	L2_1	0.00854431160115004	0.01162338126756686	0.00198222287449551	1.3603648614596855	0.23199328009394177	0.11948592004048891	3.400017960250149e-9	2.074803164605392e-9	1.63871832193624	0.24595932078509997
GOCC_TRANSPORT_VESICLE	L2_1	0.03341665605631388	0.04207445468938381	0.00746564826905142	1.2590863256478977	0.2234109917063601	0.2483249845599986	2.654680537780847e-9	2.0952318561885743e-9	1.2670103931170478	0.3854541056317255
GOBP_CALCIUM_ION_TRANSMEMBRANE_TRANSPORT_VIA_HIGH_VOLTAGE_GATED_CALCIUM_CHANNEL	L2_1	0.00217172533059426	0.00388622639282922	0.00114051424206958	1.789464965058817	0.5251650501113287	0.1360268627203449	6.918481650555823e-9	4.672517724882927e-9	1.4806753142341842	0.2674941657964324
GOMF_VOLTAGE_GATED_CALCIUM_CHANNEL_ACTIVITY_INVOLVED_IN_CARDIAC_MUSCLE_CELL_ACTION_POTENTIAL	L2_1	0.00112729756075957	0.00266026560619631	4.9977480870151e-4	2.3598610507094637	0.44333885399766393	0.00213054775614671	1.0632070212816306e-8	3.852738246990561e-9	2.759613950187557	0.013888015003030404
GOBP_NEURON_CELLULAR_HOMEOSTASIS	L2_1	0.00289222280432379	0.00284503454590431	0.0011903029618443	0.9836844317979468	0.41155299656196553	0.9684726148539216	3.8885665338085095e-10	3.6787995024294295e-9	0.10570205120557814	0.9769341480926151
GOCC_NEURON_SPINE	L2_1	0.02033748806230466	0.04090946969252736	0.00662674731887825	2.0115301145942737	0.32583902685410143	0.0025568801884994	8.363086454045352e-9	2.999528388219898e-9	2.7881337902617793	0.015254607226301507
GOCC_ZYMOGEN_GRANULE	L2_1	0.00110230242139154	0.00193452595904709	0.00120440786431278	1.7549865821803752	1.0926292466928793	0.4892253562120017	7.906765651295783e-9	9.743156657769793e-9	0.8115199138248939	0.5958730982236146
GOBP_SYNAPTIC_SIGNALING	L2_1	0.07431625293000908	0.10704341407061364	0.00829841790965013	1.4403769007491125	0.1116635672881081	1.2326972162745e-4	3.4117822492395827e-9	1.091495476029985e-9	3.1257868897899628	0.0017376127585325698
GOBP_REGULATION_OF_TRANSPORTER_ACTIVITY	L2_1	0.02758473645812836	0.03896866688116461	0.00686482539068684	1.412689475584305	0.2488631856645488	0.0993959285735148	3.625727935328085e-9	2.296802726872812e-9	1.578597888667895	0.21731283762656653
GOBP_POSTSYNAPSE_ORGANIZATION	L2_1	0.01805051668643631	0.02755866347200756	0.00234164142623185	1.526752056505726	0.1297271134621556	4.661043977193548e-5	3.046337571233516e-9	1.1741080859138042e-9	2.5945972162031072	0.0010254296749825805
GOBP_RIGHTING_REFLEX	L2_1	9.0116703815482e-4	3.1547323674005e-4	2.8258870288489e-4	0.3500718772248847	0.31358082455335146	0.04097148415993021	-3.735543690608147e-9	2.854520149531209e-9	-1.308641556172454	0.12326463610508918
GOBP_NEGATIVE_REGULATION_OF_LOCOMOTION	L2_1	0.0318632668580053	0.03431078178558702	0.00679636943550062	1.0768130568183345	0.21329794794073703	0.718582718927162	-6.255291885922553e-10	1.9772000709444643e-9	-0.3163712149238665	0.7830994336296005
GOBP_NEGATIVE_REGULATION_OF_BIOSYNTHETIC_PROCESS	L2_1	0.10947283909051914	0.1395257779928052	0.00927948012266193	1.2745241573340065	0.08476513626351706	0.00139997893407652	2.37529239927489e-9	8.972670202967432e-10	2.6472525408203857	0.010056991526427245
GOBP_MITOCHONDRIAL_FUSION	L2_1	0.00267850597509645	0.00235234740778788	0.00143022084696619	0.8782311593324624	0.533962164080927	0.8198575503966772	2.3153408303804918e-10	4.757735088591131e-9	0.0486647698383332	0.8728466523998617
GOCC_CATENIN_COMPLEX	L2_1	0.00584349452849689	0.01043918497732959	0.00172344311796541	1.7864626939275745	0.29493364108766057	0.00831981017140546	3.939996042528038e-9	2.6272331230833067e-9	1.499675079425034	0.04011744082650304
GOBP_CELLULAR_RESPONSE_TO_AMMONIUM_ION	L2_1	7.6914573155991e-4	0.00118949234877602	0.0010347412729258	1.546511018612282	1.34531237770406	0.6844762804514926	3.082893812162586e-9	1.1966437013762489e-8	0.25762838250157327	0.7600493713530769
GOBP_REGULATION_OF_MESENCHYMAL_STEM_CELL_DIFFERENTIATION	L2_1	9.9896681165525e-4	0.00338707006617247	0.00270876964535162	3.3905731668504866	2.711571209120844	0.3790986546587032	1.7063894904521347e-8	2.4086725608844464e-8	0.7084356413416198	0.5016643851122689
GOBP_REGULATION_OF_POSTSYNAPTIC_MEMBRANE_POTENTIAL	L2_1	0.01412040846419295	0.02590933431929972	0.00559123215220651	1.834885611489325	0.3959681595886525	0.03630149073829165	5.885089261497395e-9	3.569568366973679e-9	1.648683722084539	0.11111412817285791
GOBP_LEARNING	L2_1	0.01780962393386923	0.03039812505966175	0.0062447981862127	1.7068369984979013	0.3506417771313369	0.04588894373042146	5.1202670770762614e-9	3.229771228097018e-9	1.5853342900986591	0.132400886828757
GOCC_NEURON_PROJECTION	L2_1	0.12868504262342273	0.1696157405891785	0.00897497224913875	1.3180688068428688	0.06974370965087724	1.535837214585631e-5	2.492071116737211e-9	7.469332194437371e-10	3.3364041816122856	5.921692790233165e-4
GOBP_CARDIAC_MUSCLE_CELL_CONTRACTION	L2_1	0.00971623135702302	0.01019725746412425	0.00213064468131849	1.0495074776861444	0.21928714982465247	0.8216358659098669	1.3796206420528016e-10	1.9699850721869294e-9	0.07003203534538717	0.8728466523998617
GOBP_DENDRITIC_SPINE_DEVELOPMENT	L2_1	0.01062612153106468	0.01561415025363252	0.0027071486335946	1.469411977642615	0.2547635678436817	0.06622559963512482	2.8972833002339515e-9	2.275978982514253e-9	1.2729833282701712	0.17140743434973485
GOBP_NEGATIVE_REGULATION_OF_SYNAPTIC_TRANSMISSION	L2_1	0.00753662165360796	0.01857497604268435	0.00637944664901428	2.4646289672498094	0.8464597192510375	0.0854484039731603	1.2337337291353713e-8	7.580408605357636e-9	1.6275293237667958	0.19919098144736705
GOBP_PEPTIDE_METABOLIC_PROCESS	L2_1	0.05337217141834331	0.06006674124707589	0.0057778623137138	1.125431843052796	0.10825608477544586	0.24593958867704996	1.6422291987496383e-9	1.0751323556318566e-9	1.5274670045480103	0.3854541056317255
GOBP_APOPTOTIC_MITOCHONDRIAL_CHANGES	L2_1	0.00825594485904502	0.0133744410382969	0.00412680826602055	1.6199770306900931	0.49985899088210545	0.21665035135690433	5.0507679755627005e-9	4.525614663872195e-9	1.1160402178918996	0.35635945643752487
GOBP_REGULATION_OF_NERVOUS_SYSTEM_DEVELOPMENT	L2_1	0.0438345965943871	0.0681916065928388	0.00709676144474189	1.5556572180607349	0.1618986370608145	7.915005199321e-4	3.297505920601942e-9	1.5208697178031923e-9	2.168171199677114	0.00625116102143542
GOBP_POSITIVE_REGULATION_OF_NEURON_DIFFERENTIATION	L2_1	0.00768239867448595	0.01479697959318553	0.0033253976846045	1.9260884809750705	0.4328592963612392	0.03469767656058992	5.6150436610115474e-9	3.902441898333942e-9	1.4388538784930434	0.10904984061899689
GOBP_REGULATION_OF_POSTSYNAPSE_ORGANIZATION	L2_1	0.01028071890046885	0.015287556248367	0.0017435774753876	1.48701237689417	0.16959684359311544	0.00390477003785219	2.630262136572724e-9	1.5226690354236184e-9	1.7274023936797034	0.020825440201878345
GOBP_NUCLEOSIDE_METABOLIC_PROCESS	L2_1	0.00538703966795718	0.00433408296723289	0.00134841402710128	0.8045388997249427	0.25030705363501016	0.4352469855096598	-2.5508233291793064e-9	2.255068841933772e-9	-1.131150979405098	0.5443762791876272
GOBP_POSITIVE_REGULATION_OF_PLASMA_MEMBRANE_BOUNDED_CELL_PROJECTION_ASSEMBLY	L2_1	0.00899422410977462	0.01246296012412845	0.00353721029966596	1.3856626176997433	0.3932757574743821	0.3277026835105611	2.180025063386008e-9	3.54462224025994e-9	0.6150232424277005	0.458558286142473
GOBP_CELL_CELL_SIGNALING	L2_1	0.13883206269116458	0.16332402676691454	0.01001973424894104	1.176414321022032	0.07217161550952533	0.01612011722163918	9.869802188925662e-10	7.640683722539115e-10	1.2917433239398346	0.06219332379637599
GOBP_INORGANIC_ION_TRANSMEMBRANE_TRANSPORT	L2_1	0.07360347207648714	0.07534927150245405	0.00825789179775987	1.023718981954448	0.11219432405550724	0.8323852447745109	6.077137464297787e-10	1.0697552679959352e-9	0.5680867060073106	0.8746256900317249
GOCC_MICROTUBULE_CYTOSKELETON	L2_1	0.09825538959789532	0.09414736681852194	0.00624985169482977	0.9581903568223054	0.06360823279422072	0.5130338099130777	-1.739348666119609e-10	6.428477083446924e-10	-0.2705693189135516	0.6184517160596005
GOCC_TRANS_GOLGI_NETWORK_TRANSPORT_VESICLE	L2_1	0.00266089195070958	0.00622264553120237	0.00210385319610543	2.3385562610097614	0.7906571311715223	0.09195527407163036	1.2042820018725006e-8	7.047162323855829e-9	1.7088892614205913	0.20748882354624285
GOBP_REGULATION_OF_MITOCHONDRION_ORGANIZATION	L2_1	0.01115571653096319	0.01087232042108595	0.00280274654362066	0.9745963328226688	0.25123859465606874	0.9194225474289908	-6.502688967152589e-11	2.248801281238947e-9	-0.0289162453854972	0.9463062476462126
GOBP_REGULATION_OF_CELL_DIFFERENTIATION	L2_1	0.12432817175317752	0.16360568560185096	0.01094509045456748	1.3159180521583564	0.08803387277580355	4.2803431858102e-4	2.2366152088126174e-9	9.417381678275251e-10	2.3749862596864	0.004185224448347752
GOBP_CALCIUM_ION_TRANSMEMBRANE_TRANSPORT	L2_1	0.03041455529033867	0.03833082219687236	0.00687710986570798	1.2602788970926804	0.22611245832986207	0.25055717331110344	2.380018539464885e-9	2.067974233046052e-9	1.150893711068732	0.3868251096732825
GOBP_FOREBRAIN_DEVELOPMENT	L2_1	0.03965302720494454	0.05604827634998428	0.00721386553729552	1.4134677804118656	0.1819247115740003	0.02477907840868075	1.884182972113245e-9	1.724575214880098e-9	1.092549026482584	0.08453965570250772
GOBP_REGULATION_OF_CATION_TRANSMEMBRANE_TRANSPORT	L2_1	0.03388233731058004	0.04192870800244734	0.00667212819682718	1.2374798001126903	0.1969205410969024	0.22942483740273192	2.1356628046899107e-9	1.8203433422581143e-9	1.173219774045838	0.36718132055331193
GOBP_ACTION_POTENTIAL	L2_1	0.01612505219203178	0.01703320151740557	0.00238466151342732	1.0563191557186122	0.14788550666556677	0.7038724918780583	-3.1278119291710737e-11	1.3278009843757703e-9	-0.02355633085060205	0.7733239637267054
GOBP_TAXIS	L2_1	0.0573068089611433	0.07388277480632519	0.00520019982832228	1.289249500114745	0.090743140694647	0.00163976889369275	1.2821821900629839e-9	8.73054441400441e-10	1.468616536680431	0.01150610282946025
GOCC_ANCHORED_COMPONENT_OF_MEMBRANE	L2_1	0.01774738771436896	0.02917910891110426	0.00379212288353326	1.6441354288710186	0.2136721721846997	0.00302025640550184	3.957896922997188e-9	1.972251951996833e-9	2.00679072417191	0.01661141023026012
GOBP_REGULATION_OF_PROTEIN_LOCALIZATION	L2_1	0.06696617218228872	0.07765805301455567	0.01037182527661351	1.1596609225798746	0.15488156092273506	0.3039939460025711	1.455411418348052e-9	1.5663191189509795e-9	0.9291921427370392	0.4421730123673762
GOBP_POSITIVE_REGULATION_OF_CATABOLIC_PROCESS	L2_1	0.03867687474868561	0.03576929401350448	0.00395801436384369	0.9248237931819984	0.10233542367531144	0.46493783240527053	-4.1620630661822303e-10	9.80725978541149e-10	-0.4243859301426264	0.5742390070408956
GOBP_DEVELOPMENTAL_GROWTH	L2_1	0.05934819051127474	0.08154322829748406	0.00876565508226447	1.3739800252543974	0.1476987757629983	0.0123384654660167	2.3317213486701375e-9	1.4412923761468955e-9	1.617798988782336	0.054289248050473485
GOBP_NEURON_DIFFERENTIATION	L2_1	0.1317086157238886	0.1893078881942337	0.00995325423423823	1.4373234974323557	0.0755702592388037	3.7854710711467896e-8	2.564202466145114e-9	8.186679964936824e-10	3.1321640483413007	6.662429085218349e-6
GOBP_REGULATION_OF_SYSTEM_PROCESS	L2_1	0.0529054836483979	0.07096890571354311	0.00737904097191671	1.3414281624413846	0.13947591937646278	0.01650046256415308	2.806320347444136e-9	1.334630127800229e-9	2.102695187969107	0.06219332379637599
GOCC_PERINUCLEAR_REGION_OF_CYTOPLASM	L2_1	0.06223890354207965	0.05458769178495816	0.00578053363016663	0.8770670541786053	0.09287653382676347	0.186063752219274	-1.1914517649242958e-9	9.037241344522791e-10	-1.3183799342112292	0.32584298896111663
GOBP_STARTLE_RESPONSE	L2_1	0.00529259494672093	0.00815970885627852	0.0040491870361949	1.541721771346575	0.7650664894927605	0.47984437042265227	3.722414562907611e-9	6.9772103763961525e-9	0.5335104378535741	0.5885199246995595
GOBP_DIVALENT_INORGANIC_CATION_HOMEOSTASIS	L2_1	0.04417261811000176	0.05489616143643706	0.00797381745014754	1.242764494957731	0.1805149386955191	0.1816229230847458	2.571942993228356e-9	1.6897188475069859e-9	1.522112981708765	0.3207274147393617
GOBP_DEVELOPMENTAL_GROWTH_INVOLVED_IN_MORPHOGENESIS	L2_1	0.02468395827053094	0.03597532055359518	0.00444462185670756	1.4574372618570044	0.18006114772985174	0.01186854855834119	2.0543558734213534e-9	1.6686533747747563e-9	1.2311459674473506	0.052882646740963275
GOBP_RESPONSE_TO_LIPID	L2_1	0.06774370554450905	0.06876640861783938	0.00668996344135806	1.0150966509007746	0.09875402279201602	0.8785080899195753	4.284792535266895e-10	9.799219989270242e-10	0.4372585307767938	0.9121971907129514
GOBP_SECOND_MESSENGER_MEDIATED_SIGNALING	L2_1	0.03045280288615016	0.02696125005094039	0.00403793958225592	0.8853454360748608	0.132596647912904	0.3863465825019613	-1.039290296937024e-9	1.2255595575492024e-9	-0.8480128856530905	0.5074402874652626
GOBP_CELLULAR_MACROMOLECULE_LOCALIZATION	L2_1	0.1265280795227908	0.1373061137609554	0.00786124595155511	1.0851829434131512	0.06213044552011168	0.1703589003802091	8.684560404088549e-10	7.093742475411003e-10	1.2242565097607911	0.30751965607094156
GOCC_PRESYNAPTIC_MEMBRANE	L2_1	0.01819478393379542	0.03238104710866077	0.00553122989360847	1.7796884660177492	0.30400085616486133	0.0109264976434158	4.932806481806019e-9	2.7733508571718602e-9	1.7786449446343318	0.049309322698491816
GOBP_CAMERA_TYPE_EYE_DEVELOPMENT	L2_1	0.02890528502930386	0.04140235345491281	0.00710000690446184	1.4323454486935367	0.24563006029049464	0.08059063847188486	2.7009473259855355e-9	2.2872271795982822e-9	1.1808828393076012	0.19564072235933427
GOBP_POSITIVE_REGULATION_OF_TRANSCRIPTION_BY_RNA_POLYMERASE_II	L2_1	0.09186166649807528	0.1153768946786366	0.01004746134654683	1.2559852120803188	0.10937599686107748	0.02143299044230484	1.139882203503531e-9	1.1483087723496146e-9	0.9926617569690408	0.07544412635691304
GOBP_MUSCLE_TISSUE_DEVELOPMENT	L2_1	0.03792500753628615	0.0491112354433415	0.00653073328641738	1.2949565111187524	0.1722012389890459	0.08677379817321651	1.2526886497284787e-9	1.626275617806754e-9	0.7702806560046037	0.1995014923519645
GOBP_MESENCHYMAL_STEM_CELL_DIFFERENTIATION	L2_1	0.00117712008688243	0.0035293356254451	0.00291547823300076	2.998280009639835	2.476789127541201	0.42074068925927455	1.322842516326236e-8	2.200297047734216e-8	0.6012108763625575	0.5308269627930632
GOBP_LOCOMOTION	L2_1	0.15571770523148268	0.1813683474985148	0.01070467351827296	1.1647252778924595	0.06874410011603946	0.01833939398862683	8.341377993739395e-10	7.740803586090421e-10	1.077585537595626	0.06655120292780045
GOMF_IDENTICAL_PROTEIN_BINDING	L2_1	0.13950106011263916	0.13919856882840054	0.01032739489848835	0.9978316201755428	0.0740309420598637	0.9766219165715686	-7.394197052619569e-11	8.318779892351296e-10	-0.08888559558377263	0.9794043151942797
GOBP_CENTRAL_NERVOUS_SYSTEM_DEVELOPMENT	L2_1	0.09532575796082608	0.13181278868193763	0.00870184959685682	1.3827615064556409	0.09128539633991507	6.765139870642728e-5	2.080054775671537e-9	9.448359349971247e-10	2.201498375141571	0.0012533311760348634
GOBP_POSTSYNAPTIC_SPECIALIZATION_ORGANIZATION	L2_1	0.00561065390136381	0.01079248162381388	0.00130131806329374	1.923569304674183	0.23193696958877233	6.0381593034196366e-5	4.904626920057471e-9	2.064122844241833e-9	2.3761313110504214	0.0011807955971131735
GOBP_RESPONSE_TO_ABIOTIC_STIMULUS	L2_1	0.08506986644711205	0.08930784184804268	0.0095157677316648	1.0498175861550856	0.11185826578887086	0.6561214642374504	5.866599064583634e-10	1.1055609949220743e-9	0.5306445407833099	0.7378746179283787
GOBP_REGULATION_OF_SYNAPTIC_VESICLE_CYCLE	L2_1	7.70823257692e-4	0.00223497548223217	0.00127812683141112	2.8994655518362675	1.658132157607814	0.2535027466099438	1.7020700427173635e-8	1.4731302512493953e-8	1.1554104202760072	0.38966361050960796
GOBP_CELL_CELL_ADHESION	L2_1	0.08830564660328638	0.10668092491617875	0.00796539225835438	1.208087240394076	0.0902025245807774	0.0234299642136866	7.297378612941336e-10	9.081638513873011e-10	0.8035310590477632	0.08085634709036944
GOCC_AXON_CYTOPLASM	L2_1	0.00625784348312131	0.00964470386956318	0.00188131892689168	1.541218455779043	0.3006337457889421	0.07227679954862849	4.410131011440199e-9	2.6830403156541122e-9	1.6437065763452872	0.180435698163952
GOBP_POSITIVE_REGULATION_OF_DEVELOPMENTAL_PROCESS	L2_1	0.10736636952646288	0.13097353505447534	0.00965009692721607	1.21987486055579	0.08988007110399299	0.01525870420647442	1.3389752736001356e-9	9.249221251411559e-10	1.4476627136536382	0.06034903236717973
GOBP_CELLULAR_RESPONSE_TO_ENDOGENOUS_STIMULUS	L2_1	0.11078818733068518	0.12103299993714586	0.01066702582972656	1.0924720663213086	0.09628306127879128	0.33736966565760396	4.3348364365234834e-10	1.0318617735162654e-9	0.42009855852608086	0.4657024404371631
GOBP_POSITIVE_REGULATION_OF_SIGNALING	L2_1	0.1326604440512323	0.13567837457251425	0.00927829755160542	1.0227492870453263	0.06994019670266012	0.744882078584871	-5.536289195449249e-13	7.663322208965345e-10	-7.2243983020475e-4	0.8042898517235416
GOBP_LEARNED_VOCALIZATION_BEHAVIOR_OR_VOCAL_LEARNING	L2_1	0.00201890269996153	0.00386864586780632	0.0011663533968727	1.916212142308806	0.5777164976276119	0.1127576029218103	4.641263669677637e-9	5.1402323726208285e-9	0.9029287653217936	0.23766871993100136
GOCC_SOMATODENDRITIC_COMPARTMENT	L2_1	0.0822172332595054	0.12328173657363375	0.00923617302417526	1.499463454146102	0.11233865040219462	2.097814032152625e-5	4.378392684841163e-9	1.1273265012745319e-9	3.8838727554892425	6.1535878276477e-4
GOBP_CELLULAR_RESPONSE_TO_STEROID_HORMONE_STIMULUS	L2_1	0.01654158193062791	0.02375462112906842	0.00430622946973059	1.4360549812400378	0.2603275483439288	0.09496093931498537	3.551096767343887e-9	2.361921340100393e-9	1.5034779977867292	0.21155854834730917
GOCC_ORGANELLE_SUBCOMPARTMENT	L2_1	0.10541557438746392	0.08919200364510332	0.0075741407546804	0.8460989200444947	0.07185030104603905	0.0337171173797075	-1.131345570339258e-9	7.758707825761931e-10	-1.45816235866332	0.10692275060952289
GOBP_SIGNAL_RELEASE	L2_1	0.03972566408646372	0.04679566719367928	0.0074659481585722	1.1779706713480622	0.18793765517229413	0.3449325666660378	1.42151432731812e-9	1.7596713733006391e-9	0.8078294327490063	0.46878866203260733
GOBP_NEGATIVE_REGULATION_OF_ENDOPLASMIC_RETICULUM_STRESS_INDUCED_INTRINSIC_APOPTOTIC_SIGNALING_PATHWAY	L2_1	0.00116571290918427	0.00216363901337229	0.00117156678526739	1.8560650708469408	1.0050217133541195	0.3945012466600007	6.821685183835445e-9	8.950084463675941e-9	0.7621922688575022	0.5124149034107758
GOBP_POSITIVE_REGULATION_OF_SYNAPTIC_VESICLE_ENDOCYTOSIS	L2_1	0.00113098811825015	0.00207111471755384	5.5727031776323e-4	1.8312435684631476	0.4927287110897567	0.09012409740430524	6.3466249106907354e-9	4.383296665636361e-9	1.4479113313151348	0.2046689179762287
GOBP_POSITIVE_REGULATION_OF_DENDRITE_DEVELOPMENT	L2_1	0.0020264515675559	0.0020710088001537	0.00133362051696165	1.02198781027446	0.6581062870257118	0.9733458470441868	-1.3414674875058266e-9	5.8143808810390085e-9	-0.23071544760344487	0.9789078233130108
GOBP_CENTRAL_NERVOUS_SYSTEM_NEURON_DIFFERENTIATION	L2_1	0.01728204196532922	0.03845243413889719	0.00700228171709845	2.224993679337167	0.4051767569565131	0.00310423551736557	8.069880397678257e-9	3.7214573157632493e-9	2.168473184818236	0.016810629263272012
GOBP_CELL_MORPHOGENESIS_INVOLVED_IN_DIFFERENTIATION	L2_1	0.07479854169298286	0.10021996735381047	0.00744058914706713	1.339865257870562	0.09947505631336608	7.9915410785396e-4	1.202896276263318e-9	9.83282596237874e-10	1.2233474698583149	0.00625116102143542
GOBP_POSITIVE_REGULATION_OF_CELL_DEVELOPMENT	L2_1	0.02840286595274509	0.0414231816371476	0.00656802756645012	1.458415559403931	0.231245240440792	0.04964440111845636	2.6439826989029515e-9	2.1455558345431923e-9	1.2323066388369608	0.136522103075755
GOCC_NEURON_TO_NEURON_SYNAPSE	L2_1	0.04039516476577793	0.07180850299822507	0.00696377173207838	1.7776509494289765	0.1723912199010999	1.2844455584866135e-5	5.6170616406862215e-9	1.6212445337134776e-9	3.4646603420276656	5.752879513825137e-4
GOBP_POSITIVE_REGULATION_OF_SYNAPTIC_VESICLE_RECYCLING	L2_1	0.00148779792654415	0.00236644251542583	6.818134041529e-4	1.5905671551260985	0.4582701669282596	0.19647706005293425	4.126924788768716e-9	4.083901492995817e-9	1.0105348515008716	0.3390192408756513
GOBP_GLOMERULUS_MORPHOGENESIS	L2_1	0.00104207923324977	0.00241341571748386	0.00137940685209302	2.3159618198680625	1.3237063057012235	0.32153937174720376	1.1017059075290066e-8	1.1751800355282466e-8	0.9374784069011068	0.45454561789162945
GOBP_POSITIVE_REGULATION_OF_NERVOUS_SYSTEM_DEVELOPMENT	L2_1	0.02819233642316871	0.04416063638009916	0.00637997633664863	1.566405696826445	0.22630179495891348	0.01341223132408026	3.182004295533838e-9	2.089485325184516e-9	1.5228651080633195	0.05557124014819521
GOBP_RESPONSE_TO_INORGANIC_SUBSTANCE	L2_1	0.04342192516589475	0.04975157845845779	0.00741651090482357	1.1457709041775648	0.17080106136447376	0.39404268353821537	1.413989835305364e-9	1.6100517776931975e-9	0.8782263122812476	0.5124149034107758
GOBP_REGULATION_OF_CELL_PROJECTION_ORGANIZATION	L2_1	0.06760195458634806	0.08410009628520114	0.00577164613448528	1.24404829416256	0.08537691209968126	0.00467522473791983	6.619064950457567e-10	8.375159345650484e-10	0.7903210765649588	0.02420116334923206
GOBP_MUSCLE_ORGAN_DEVELOPMENT	L2_1	0.02864946229416125	0.03944976246867011	0.00604465772195942	1.3769809032929023	0.21098677733966847	0.0748839560474316	1.786361430403479e-9	1.9627945093767835e-9	0.9101112836160702	0.1845638376836774
GOBP_CELLULAR_RESPONSE_TO_LIPID	L2_1	0.04577700410272566	0.05128775027111284	0.00606607138654376	1.1203824120080208	0.1325135077195359	0.36440250468558955	1.245116553930662e-9	1.2771042971721331e-9	0.9749529123719176	0.48771742071987645
GOMF_VOLTAGE_GATED_CALCIUM_CHANNEL_ACTIVITY	L2_1	0.00519093686311672	0.01015554286404583	0.00201012408929498	1.956398841258162	0.3872372448945709	0.01328001197794429	7.284364368710345e-9	3.43275729147181e-9	2.1220155549031374	0.05557124014819521
GOCC_PRESYNAPTIC_ACTIVE_ZONE	L2_1	0.00859681816908423	0.01149338646581385	0.00232247931914942	1.336934926359874	0.27015568707751564	0.21286941802166565	1.9413452808653147e-9	2.413835465741685e-9	0.8042575015645522	0.3520256109760284
GOBP_REGULATION_OF_ANION_CHANNEL_ACTIVITY	L2_1	9.4142766532481e-4	0.00253586981324331	0.00112396467337775	2.693642758382699	1.1938938218795163	0.1556110601254117	1.6628891088961794e-8	1.0553853794324773e-8	1.5756226505529016	0.29185197631930304
GOBP_CELLULAR_HOMEOSTASIS	L2_1	0.07238810439379322	0.08197518036624821	0.00886905120127697	1.1324399368202964	0.12252083785795934	0.28167013928521256	1.69938713096987e-9	1.200622157718949e-9	1.4154220959893995	0.41834552332656044
GOBP_CIRCULATORY_SYSTEM_PROCESS	L2_1	0.05816050200976018	0.06356921375493711	0.00822382709474475	1.0929963043350153	0.14139883272267276	0.5125252450371536	9.390682039407242e-10	1.366484501340125e-9	0.6872146760682398	0.6184517160596005
GOBP_REGULATION_OF_NEUROTRANSMITTER_TRANSPORT	L2_1	0.00872867172306593	0.01579714903422098	0.00628439705439302	1.809799879685733	0.7199717498581371	0.2623158695460608	6.799797669298226e-9	6.475513877056711e-9	1.0500784645664152	0.40048547235957344
GOBP_REGULATION_OF_ORGANELLE_ASSEMBLY	L2_1	0.01952221036211247	0.02114528936797045	0.00272297930940127	1.0831401247989807	0.1394810966019436	0.5506433064250867	8.426130496105209e-10	1.268331361426514e-9	0.6643477211371794	0.6482489761258546
GOMF_METAL_ION_TRANSMEMBRANE_TRANSPORTER_ACTIVITY	L2_1	0.042185252901323383	0.04400085220757164	0.00479975021065577	1.0430387204385183	0.1137779171760092	0.705218728284865	4.5669973059240827e-10	1.0613974684847242e-9	0.4302815336882265	0.7733239637267054
GOBP_POSITIVE_REGULATION_OF_NEURON_PROJECTION_DEVELOPMENT	L2_1	0.01511451045006516	0.02507928815353305	0.00326697833225555	1.6592855082133957	0.2161484715663728	0.0024673375092866	4.391052420290722e-9	1.9408414563059367e-9	2.262447767706048	0.015236891285419002
GOBP_NEURON_PROJECTION_ORGANIZATION	L2_1	0.00962899999815472	0.01260555959064057	0.00178622324315337	1.3091244774178292	0.18550454289081747	0.09410533683540506	1.998340890623675e-9	1.656868107496148e-9	1.206095332261274	0.21098776156727758
GOMF_CALCIUM_ION_TRANSMEMBRANE_TRANSPORTER_ACTIVITY	L2_1	0.01533309210507554	0.01760594150343116	0.0025297060936015	1.1482316406097417	0.16498342775650107	0.36744547164603736	7.391414584420442e-10	1.4899575461316412e-9	0.496082227551428	0.4880785132807741
GOBP_MODULATION_OF_EXCITATORY_POSTSYNAPTIC_POTENTIAL	L2_1	0.00523203625335274	0.00842844718862984	0.00143366292065527	1.6109305785541532	0.2740162436253316	0.02497828470389148	3.5738929626585592e-9	2.4237824391327894e-9	1.4745106264311705	0.08453965570250772
GOBP_AXO_DENDRITIC_TRANSPORT	L2_1	0.00750424539925876	0.01094159233697094	0.00189308394877728	1.4580536422825003	0.25226839582888244	0.06962242765013255	3.92010841552787e-9	2.248017610303974e-9	1.7438068089679235	0.17505067523461898
GOBP_RESPONSE_TO_MECHANICAL_STIMULUS	L2_1	0.01968073658159428	0.02878630181903959	0.00693958149401898	1.462663843890933	0.35260781349560805	0.19207048570996132	4.058997015642287e-9	3.215613084929291e-9	1.2622778016004812	0.3330483299010167
GOBP_CELLULAR_RESPONSE_TO_ORGANIC_CYCLIC_COMPOUND	L2_1	0.0485038228304261	0.06162269056404038	0.00835966485241794	1.2704707993734654	0.17235063886910762	0.11859164871556696	2.4849767774552702e-9	1.6455817281651021e-9	1.510090161383921	0.24555447263458574
GOBP_SYNAPTIC_TRANSMISSION_GLUTAMATERGIC	L2_1	0.01153198564238934	0.0219572464997865	0.00518773228531171	1.9040299893433723	0.4498559438231191	0.04565994059404282	6.351983372988005e-9	4.050930786547662e-9	1.5680305854846206	0.132400886828757
GOBP_DENDRITE_DEVELOPMENT	L2_1	0.02952345340897634	0.03819461788042134	0.00402579222232891	1.2937042747447902	0.13635912325571342	0.03247122422654533	1.0120604776024075e-9	1.2519539338331675e-9	0.8083847578191102	0.10390791752494506
GOBP_GDP_METABOLIC_PROCESS	L2_1	0.0018499758184608	0.00276954942570029	5.3098154340552e-4	1.4970733120201425	0.287020802167731	0.08295793814060581	3.2626064201558523e-9	2.538641514460188e-9	1.2851780771613226	0.1959811692986124
GOBP_CATION_TRANSMEMBRANE_TRANSPORT	L2_1	0.07720327540332342	0.08103552901256539	0.00824936040465457	1.04963848475627	0.10685246657681904	0.6420857610673346	7.304847966847991e-10	1.033654371545216e-9	0.706701211540172	0.7267337231373048
GOBP_HOMEOSTATIC_PROCESS	L2_1	0.13812934699443513	0.1492868903031974	0.00960642054249368	1.0807760519508702	0.06954655727780065	0.24768191559404704	1.252985599470906e-9	7.840264500710695e-10	1.5981420006395533	0.3854541056317255
GOBP_OLFACTORY_LOBE_DEVELOPMENT	L2_1	0.00498258811751204	0.0106497042502324	0.00269475339550815	2.1373840259447556	0.5408340669454574	0.03608820141199257	6.722779791052094e-9	4.842756662371335e-9	1.3882134205273438	0.11111412817285791
GOBP_SYNAPTIC_VESICLE_EXOCYTOSIS	L2_1	0.01078347348225403	0.01886881583326361	0.00614692249989562	1.749790164024173	0.570031772231034	0.19076938606745544	5.6994274088371485e-9	5.131720022907829e-9	1.11062711593678	0.33242982126606097
GOBP_VESICLE_MEDIATED_TRANSPORT_IN_SYNAPSE	L2_1	0.01911943633779941	0.02949153579412399	0.00670872449376687	1.5424898136677172	0.35088505619298127	0.12413113264007676	4.258192607277968e-9	3.2039405244812822e-9	1.3290485808775645	0.25111585453624724
GOCC_ENDOSOME	L2_1	0.07977223892199486	0.0735431250888682	0.00796906904998233	0.9219137645212918	0.0998977734318686	0.4335734933189266	-4.995459558263177e-10	1.0430894571908703e-9	-0.47890998454882094	0.5443762791876272
GOCC_MULTIVESICULAR_BODY_MEMBRANE	L2_1	0.0026125791981056	0.00312984804326687	0.00136533375928112	1.1979916419515022	0.5225999503751464	0.704664972232641	3.275256172426302e-9	4.707675355465656e-9	0.6957268556387811	0.7733239637267054
GOBP_RESPONSE_TO_OXYGEN_CONTAINING_COMPOUND	L2_1	0.1231611168230876	0.1237502771055313	0.00994861796211844	1.004783654920002	0.08077726330144393	0.9527354322989964	4.0751450378167564e-10	8.681722060865101e-10	0.46939363057778927	0.9692568559804818
GOCC_LATE_ENDOSOME	L2_1	0.02418321672010426	0.02693318773458195	0.00566024047414583	1.1137140292917094	0.23405655830062905	0.6271505052977676	1.5273611059009083e-9	2.191268467360446e-9	0.6970214415309566	0.7190781037941831
GOBP_CYTOSKELETON_DEPENDENT_INTRACELLULAR_TRANSPORT	L2_1	0.0174419102057167	0.02196090669464899	0.00307556929819255	1.2590883931652828	0.17633213690003474	0.1402573463316859	2.2603672678764472e-9	1.6040761598554584e-9	1.4091396184580949	0.27276566800416263
GOCC_EXCITATORY_SYNAPSE	L2_1	0.0061521593368001	0.0080671259917704	0.00157083848523669	1.3112674022461717	0.2553312421283492	0.22389948801585713	1.417056003517323e-9	2.299477034673748e-9	0.6162514268025191	0.3660956448367903
GOBP_NEURON_DEVELOPMENT	L2_1	0.11151908546643362	0.15778568538897467	0.00889518931936557	1.414876070127628	0.07976382950201795	7.117447513475534e-7	2.263221700209794e-9	8.347700425946441e-10	2.7111918069977885	8.351138415811293e-5
GOCC_MAIN_AXON	L2_1	0.00963789088665476	0.01214648743676178	0.00143073876928842	1.2602848050065174	0.14844936367452718	0.08261696039558711	3.701769165454797e-10	1.339934100435243e-9	0.27626501663420416	0.1959811692986124
GOCC_GOLGI_MEMBRANE	L2_1	0.05096206962438009	0.05602004077505217	0.00790692201258217	1.099249720192925	0.1551530789636442	0.521829590022425	1.1874409308747855e-9	1.505120090242268e-9	0.788934343892554	0.624775563564264
GOBP_REGULATION_OF_ION_TRANSPORT	L2_1	0.06202451570239948	0.07310962378342188	0.00781480811552007	1.178721396781395	0.12599547174243794	0.15785332733252366	1.8328044525818347e-9	1.1886437171862583e-9	1.5419291971865423	0.2939913821219488
GOBP_REGULATION_OF_B_CELL_RECEPTOR_SIGNALING_PATHWAY	L2_1	0.00242855458141613	0.00302535734915218	0.00141644478273672	1.2457440208685986	0.5832460153770856	0.6741340604852474	2.193461705360608e-9	5.221963461642657e-9	0.4200453950841352	0.7533180612406574
GOMF_DNA_BINDING_TRANSCRIPTION_FACTOR_ACTIVITY	L2_1	0.08673095282310034	0.10800562316607606	0.00852869480170347	1.2452950146456747	0.09833507558828412	0.01370604033697236	1.5643081827650424e-9	1.0131857746451862e-9	1.543950005923501	0.05609914184435199
GOCC_POSTSYNAPTIC_SPECIALIZATION_MEMBRANE	L2_1	0.01536999767998136	0.03068668896464692	0.00362242128097758	1.9965317889809948	0.23568131605482304	3.400954171880027e-5	6.769368540825e-9	2.132340047960115e-9	3.1746196144000853	8.041368285665049e-4
GOBP_REGULATION_OF_ENDOPLASMIC_RETICULUM_STRESS_INDUCED_INTRINSIC_APOPTOTIC_SIGNALING_PATHWAY	L2_1	0.0022049403480095	0.00253445737362831	0.00127163649104725	1.1494448708856368	0.5767214937108	0.7956406665223806	1.470805400272438e-9	5.156878538699708e-9	0.28521234099946385	0.8538582762679208
GOBP_CELLULAR_COMPONENT_MORPHOGENESIS	L2_1	0.0802639218313083	0.10735716815867909	0.00779400480054214	1.337551987358816	0.09710470934778025	6.3602817180954e-4	1.4218281789883567e-9	9.644704423892715e-10	1.4742060684266056	0.005354166031162918
GOBP_SYNAPTIC_VESICLE_RECYCLING	L2_1	0.00695435233316205	0.00842635623827147	0.00179992118086491	1.211666570025525	0.2588193831195364	0.41339083792322295	1.2495063086463446e-9	2.30598186895182e-9	0.5418543508385457	0.5253718646917546
GOBP_TELENCEPHALON_DEVELOPMENT	L2_1	0.02809789170193246	0.04401199791043767	0.00654775180716429	1.5663807938803718	0.23303356268235495	0.01625612823648422	3.1135577987841862e-9	2.175669863484525e-9	1.4310800783890765	0.06219332379637599
GOBP_POSITIVE_REGULATION_OF_FILOPODIUM_ASSEMBLY	L2_1	0.00293550297853152	0.00709187629467627	0.00284444445210214	2.415898177089898	0.96898026433789	0.14555744980089796	8.33817410996106e-9	8.617978478812253e-9	0.9675324822939504	0.27707587926972965
GOBP_CALCIUM_MEDIATED_SIGNALING	L2_1	0.02027894240029497	0.02050778836612352	0.00292079667148085	1.0112849063482334	0.14403101571206067	0.9375317315996836	2.0580585022432552e-10	1.318836577330156e-9	0.15605106330987384	0.9621316895716869
GOCC_NEURON_PROJECTION_TERMINUS	L2_1	0.01183410809877743	0.01844229362396851	0.0063272915077021	1.558401653088986	0.5346656845525835	0.29780599962098603	4.0781812143647325e-9	4.804135304924019e-9	0.8488897492509804	0.434969758782519
GOBP_EXCITATORY_SYNAPSE_ASSEMBLY	L2_1	0.00427282681102785	0.00846675467794024	0.00109513875884151	1.9815347198459257	0.2563031003304512	1.2340999705487e-4	4.0264384790063405e-9	2.3026545159325887e-9	1.7486072926470295	0.0017376127585325698
GOBP_SPINAL_CORD_DEVELOPMENT	L2_1	0.01022066346494029	0.01693843057048995	0.00336073431571997	1.6572730947059815	0.32881762786224455	0.04772999045194574	3.212374433281286e-9	2.974180576252173e-9	1.0800872209747483	0.133340925707023
GOBP_REGULATION_OF_NEUROTRANSMITTER_RECEPTOR_ACTIVITY	L2_1	0.00672033743773652	0.01006808948122571	0.00160837941737829	1.49815237322618	0.23933015749280845	0.03621952804402995	4.1891948023576306e-9	2.1190417492232248e-9	1.9769288660278916	0.11111412817285791
GOBP_REGULATION_OF_CALCIUM_MEDIATED_SIGNALING	L2_1	0.00854632463250854	0.00941047731036341	0.0012271884729045	1.1011139542450568	0.14359254131729624	0.4816395938273157	3.654417651145123e-10	1.278777370091897e-9	0.28577434482458075	0.5886706146778303
GOBP_NERVOUS_SYSTEM_PROCESS	L2_1	0.1091532703623574	0.12565044690465538	0.00943011296180511	1.151137721183544	0.08639331584385755	0.08217909737383551	1.34409462050359e-9	8.72387606801385e-10	1.540708063737542	0.1959811692986124
GOBP_HEART_PROCESS	L2_1	0.02601188795668762	0.03522763798384988	0.0068620674215932	1.3542899324534767	0.2638050507144746	0.1822314856473646	2.963699213770314e-9	2.4348172934060272e-9	1.2172162657939902	0.3207274147393617
GOBP_NEGATIVE_REGULATION_OF_CELL_DIFFERENTIATION	L2_1	0.05270552253345365	0.06247920921251446	0.00567337935154289	1.1854395177062744	0.10764297703228053	0.08644933474500766	4.0951857336646357e-10	1.0358330494957096e-9	0.39535190884847293	0.1995014923519645
GOMF_ION_TRANSMEMBRANE_TRANSPORTER_ACTIVITY	L2_1	0.07222169380149061	0.06815038872668193	0.00564466398490904	0.9436276711260868	0.07815745779133951	0.4716234299563177	-3.282556157445009e-10	7.548943938703002e-10	-0.4348364730350602	0.5804596061000833
GOBP_NEUROMUSCULAR_JUNCTION_DEVELOPMENT	L2_1	0.00479889900604899	0.00491680857596176	0.00163650978470274	1.024570129474312	0.34101775899845627	0.9427627784173956	2.047646621250659e-11	3.099487439345588e-9	0.00660640399847204	0.9646874941945445
GOBP_REGULATION_OF_HYDROLASE_ACTIVITY	L2_1	0.08046354744102614	0.08226461144864	0.00889413565535702	1.0223836018283174	0.11053621097026292	0.8396074065103283	4.5462418250958345e-10	1.095915039606224e-9	0.41483524368178726	0.8786447424972744
GOBP_NEGATIVE_REGULATION_OF_RESPONSE_TO_ENDOPLASMIC_RETICULUM_STRESS	L2_1	0.00290178470327666	0.00295882673259125	0.00144017592474293	1.019657567720368	0.49630695313704726	0.9684111658905042	-1.9448089639253164e-10	4.4451261276214656e-9	-0.04375149114083655	0.9769341480926151
GOCC_GOLGI_APPARATUS	L2_1	0.12734151194423768	0.13823702443368696	0.01037274624985836	1.0855613564115714	0.08145612606202247	0.29486549767974646	9.445243032221906e-10	8.864227299100561e-10	1.0655461230309715	0.43246939659696143
GOBP_INTRACELLULAR_DISTRIBUTION_OF_MITOCHONDRIA	L2_1	8.4966698589988e-4	0.00108091599039372	4.8923834563608e-4	1.272164281220029	0.5758001119908465	0.6374978630295075	1.8112590343866358e-9	5.123022509280187e-9	0.3535528159608121	0.7241141623114193
GOBP_REGULATION_OF_ION_TRANSMEMBRANE_TRANSPORT	L2_1	0.04626214466012398	0.05996849149298882	0.00732940374191597	1.2962756468287804	0.15843199219930704	0.06327646945290798	2.7333143637403895e-9	1.471117090938284e-9	1.8579855951486983	0.16498753516610082
GOCC_CELL_BODY	L2_1	0.05391250258548715	0.0804008379624744	0.00861602124962639	1.4913208273903742	0.15981490074522653	0.00270723232471122	4.017680142121012e-9	1.5402950266143422e-9	2.608383506211862	0.015622061939317205
GOBP_PROTEIN_LOCALIZATION_TO_SYNAPSE	L2_1	0.00880583792514173	0.01847100340917518	0.00269285862149728	2.097586120275757	0.3058037911200761	3.9942263110641e-4	7.843973997245018e-9	2.745132084437117e-9	2.8574122322618245	0.004017050461413037
GOCC_PLASMA_MEMBRANE_RAFT	L2_1	0.01231237079903421	0.01371250295611165	0.0020988335801266	1.1137175106184478	0.17046542980099622	0.5058633187819999	2.073772577334906e-10	1.5590542755593472e-9	0.13301477760233146	0.6140134076250481
GOBP_OBSERVATIONAL_LEARNING	L2_1	0.00203752324002765	0.00395640449748263	0.00139589630660336	1.9417714702625637	0.6850946674769826	0.1690298387886272	5.194195822137538e-9	6.093692806338602e-9	0.8523888530669916	0.30669331574018954
GOBP_POSITIVE_REGULATION_OF_PROTEIN_MODIFICATION_PROCESS	L2_1	0.07669330745917027	0.09079625150241682	0.00938114479394196	1.1838875452170925	0.12232025328854502	0.1358164742459893	1.7251256902547167e-9	1.235238874361182e-9	1.3965927773661473	0.2674941657964324
GOBP_PRESYNAPTIC_ENDOCYTOSIS	L2_1	0.00594481710687468	0.00742688124330264	0.00164069389455258	1.2493035714612768	0.2759872785077376	0.3660141897832273	1.4478659349728394e-9	2.477081814135326e-9	0.5845046888280698	0.4880189197109697
GOCC_PRESYNAPTIC_ACTIVE_ZONE_MEMBRANE	L2_1	0.00229099743858534	0.00294903845886659	8.0646300396013e-4	1.287229051066761	0.3520139265009865	0.4141808117510769	1.4374572125757775e-9	3.141966819461869e-9	0.45750235288034447	0.5253718646917546
GOBP_CELLULAR_COMPONENT_MAINTENANCE	L2_1	0.00635463674094249	0.00893653597605701	0.0026571871790284	1.4063016251549862	0.4181493431258356	0.331374587760349	2.768340902320527e-9	3.760150206638802e-9	0.73623146687939	0.4592277751639482
GOBP_CELL_FATE_COMMITMENT	L2_1	0.02200461353236845	0.03168768904452589	0.00541998732363906	1.440047515395523	0.24631140718133235	0.07520864677335148	1.5669785541131031e-9	2.2564366284591447e-9	0.6944482882212151	0.1845638376836774
GOCC_LEWY_BODY	L2_1	5.336210626155e-4	4.8724417522263e-4	2.9650599622543e-4	0.9130902233027276	0.5556489745216032	0.875874286671432	1.069112288154264e-9	4.947249837263444e-9	0.21610234439779988	0.9121531032791244
GOCC_INTRINSIC_COMPONENT_OF_PRESYNAPTIC_ACTIVE_ZONE_MEMBRANE	L2_1	0.00151145104500651	0.00225230696983477	6.8359989692354e-4	1.4901620381790568	0.4522805413923249	0.278369488070677	2.352090429070637e-9	4.0523448826790104e-9	0.5804270113149075	0.41696195659948215
GOCC_NEURON_PROJECTION_CYTOPLASM	L2_1	0.00877547470215104	0.0128958964340721	0.00252365185667002	1.469538329466219	0.28758009592933204	0.10225934880163044	3.771886059217865e-9	2.5750839311571013e-9	1.464762376705518	0.22219315295169081
GOBP_MEMBRANE_PROTEIN_PROTEOLYSIS	L2_1	0.0051359140059844	0.00536362414964631	0.00209986024953285	1.044336829510108	0.4088581403594528	0.913732295215398	1.3682338605920636e-9	3.626432193845611e-9	0.3772947589959306	0.9432075305449269
GOCC_CALCIUM_CHANNEL_COMPLEX	L2_1	0.00800112863958166	0.01184065111338193	0.00232130213459978	1.479872608822474	0.2901218364514577	0.0981999270323044	2.8934174324600302e-9	2.608725577055844e-9	1.1091306260451834	0.2160398394710697
GOBP_STEM_CELL_DIFFERENTIATION	L2_1	0.02069966595422132	0.02632664580742904	0.00550801704941408	1.2718391623155738	0.26609207421972075	0.3069770296047448	3.4997035815624557e-10	2.4397680632783093e-9	0.14344410988231046	0.44285210828225485
GOBP_ADULT_BEHAVIOR	L2_1	0.0157340208506433	0.02676235011263485	0.0058111388893395	1.7009225020532903	0.3693359087611676	0.05952757976090352	4.477747905934626e-9	3.3771214611163703e-9	1.3259066804350064	0.1587402126957427
GOBP_CALCIUM_ION_REGULATED_EXOCYTOSIS	L2_1	0.00645109449353724	0.00781026431283649	0.00161709502738414	1.2106882515301662	0.25066987144649033	0.40162433896387073	1.6845349437081502e-9	2.261197247388827e-9	0.7449747896400496	0.5197491445414798
GOBP_EPITHELIUM_DEVELOPMENT	L2_1	0.09484917278670138	0.1040827538212121	0.0075978953849495	1.097350148274623	0.08010502529142555	0.22568964468631672	1.183202469261135e-10	8.346025150363303e-10	0.1417683805098083	0.3660956448367903
GOCC_PRESYNAPTIC_CYTOSOL	L2_1	0.00120815432032596	0.00286000996445767	4.8013794338879e-4	2.367255503987306	0.3974144157836178	6.3735610629462e-4	1.183780790293076e-8	3.520432239454115e-9	3.362600697227552	0.005354166031162918
GOBP_POSITIVE_REGULATION_OF_CELLULAR_COMPONENT_BIOGENESIS	L2_1	0.04486392662903304	0.05824939186541431	0.00558945480550886	1.2983569705581466	0.12458683903721714	0.01717897592655923	2.101552865223483e-9	1.1791758414794151e-9	1.7822217783794123	0.06365262659104053
GOBP_REGULATION_OF_SYNAPSE_ASSEMBLY	L2_1	0.01321555086854754	0.02573843249380422	0.00286628741145827	1.947586805107051	0.2168874714318504	1.842589362124376e-5	5.5158300088505265e-9	1.968835421278622e-9	2.8015698769114867	5.921692790233165e-4
GOBP_REGULATION_OF_CALCIUM_ION_TRANSPORT	L2_1	0.0226283177482768	0.03107278792274788	0.0071361101970009	1.3731815271647467	0.31536194057308264	0.23916376927240532	3.945593184909515e-9	2.8716889924773326e-9	1.3739625688037176	0.3809305284338763
GOBP_BEHAVIOR	L2_1	0.06045854505810028	0.08532942981021636	0.00782208736244258	1.411370877817442	0.12937935166857897	0.0018429702453274	2.8470305225810435e-9	1.2586920517823118e-9	2.2618960043083134	0.012256990295435616
GOBP_REGULATION_OF_NEUROTRANSMITTER_LEVELS	L2_1	0.02103265489143973	0.03256989523244132	0.00660636482563458	1.548539421226239	0.3141003767585881	0.08386394085870257	4.565323973517493e-9	2.8741825809874374e-9	1.5883903840058264	0.19680071454842202
GOBP_ION_TRANSPORT	L2_1	0.12315071616106868	0.11993705630000744	0.00877501000929443	0.9739046595810446	0.07125423450901912	0.7139149280234097	1.2803958189443788e-10	7.295955742909749e-10	0.17549391252663157	0.7804287411932926
GOMF_CALCIUM_ION_BINDING	L2_1	0.06283610284510109	0.07204429756507005	0.00644281561065141	1.146543058895112	0.1025336600924117	0.15587548735235504	7.832944123306764e-10	9.829554540216683e-10	0.7968768158576283	0.29185197631930304
GOBP_CELL_MORPHOGENESIS_INVOLVED_IN_NEURON_DIFFERENTIATION	L2_1	0.0609316074273476	0.08842543126897463	0.00719091772635537	1.4512243317133815	0.11801621572070851	1.8818480571572e-4	1.8258861036935926e-9	1.1476307804979835e-9	1.5910048202970806	0.002291124312696408
GOBP_POSITIVE_REGULATION_OF_MOLECULAR_FUNCTION	L2_1	0.12273016035975556	0.13360693699096624	0.00964886793507457	1.0886235021556876	0.07861855559213081	0.26281859123597007	9.54280195754525e-10	8.52700945098206e-10	1.119126466600339	0.40048547235957344
GOBP_REGULATION_OF_SYNAPSE_STRUCTURE_OR_ACTIVITY	L2_1	0.02410168895008504	0.04587286749528618	0.00582212403510423	1.9033050999160088	0.24156498107505825	2.6193237358215e-4	6.1263151982835036e-9	2.2315265352464142e-9	2.745347232721573	0.00288125610940365
GOBP_POSITIVE_REGULATION_OF_CELL_PROJECTION_ORGANIZATION	L2_1	0.03485412819889555	0.05060561535139862	0.00454883712572604	1.4519260118232478	0.13051071310026877	6.3048354445221e-4	2.257841459088839e-9	1.2021425384637156e-9	1.878181153105404	0.005354166031162918
GOBP_RESPONSE_TO_ANTIBIOTIC	L2_1	0.00332284376242942	0.00360061495807368	0.00124288534060628	1.0835944195706575	0.3740426663026654	0.8232530926044149	8.122170120250242e-10	3.354986809014411e-9	0.24209246064476417	0.8728466523998617
GOBP_NEGATIVE_REGULATION_OF_TRANSCRIPTION_BY_RNA_POLYMERASE_II	L2_1	0.06610224622426612	0.08359786425779048	0.00737380281693672	1.2646750909820326	0.11155147121505528	0.01880916312133297	1.5568637932867e-9	1.09558784393569e-9	1.42103054712068	0.06755944304805313
GOCC_ZYMOGEN_GRANULE_MEMBRANE	L2_1	9.0150254338124e-4	0.00167600305348948	0.00122774265175632	1.8591218247741523	1.3618848452179206	0.5277451283833963	9.05538259966646e-9	1.2109331372254052e-8	0.7478020314494769	0.6297162209862898
GOBP_NEUROTRANSMITTER_TRANSPORT	L2_1	0.02064430759186259	0.02868736446888495	0.00642278283145208	1.389601677907217	0.311116408379023	0.21301549755083535	3.062666793956847e-9	2.841972359054134e-9	1.0776553769777566	0.3520256109760284
GOBP_POSTSYNAPTIC_MEMBRANE_ORGANIZATION	L2_1	0.00378969928498803	0.00655290179290813	0.0010270185803655	1.729135031601544	0.2710026582937042	0.00683684068787436	3.2375216666127653e-9	2.415252648595403e-9	1.340448448942	0.03342455447405243
