region	snp_idx	CHR	SNP	BP	A1	A2	FRQ_A_525197	FRQ_U_3362335	INFO	OR	SE	P	ngt	Direction	HetISqt	HetDf	HetPVa	Nca	Nco	Neff_half	bJ	bJ_se	pJ	LD_r	range.left	range.right	n_sig_snps
557	1	1	rs2297600	32207581	G	T	0.182	0.176	0.977	1.01725	0.0031	3.284e-8	3	---+------------------?-----	7.8	26	0.3493	517440	3337612	776791.33	0.0171029	0.00309525	3.28494e-8	0	32156947	32247747	1
558	1	1	rs579448	41104664	A	G	0.475	0.475	0.996	1.01654	0.0024	1.404e-11	4	+++-+++-++++++-++--++-++++++	30	27	0.06927	525197	3362335	788600.21	0.0164047	0.00242767	1.40495e-11	0	40955664	41246664	1
559	1	1	rs3820500	118013322	G	A	0.325	0.331	0.987	0.98472	0.0025	1.04e-9	19	+++++++++-+++-+++++-++--++++	0	27	0.9826	525197	3362335	788600.21	-0.0153979	0.00252298	1.04045e-9	0	117849322	118091922	1
560	1	1	rs6691053	173868955	T	C	0.205	0.208	0.966	0.9803	0.0033	1.239e-9	22	+--------+----++-+-+------?+	0	26	0.4679	511850	3216339	764142.18	-0.0198966	0.00327515	1.23966e-9	0	173450808	174918808	1
561	1	1	rs3753394	196620917	T	C	0.278	0.279	0.977	1.01888	0.0029	6.561e-11	35	++?-+++++++++--++++-+++++-?-	27.2	25	0.101	491510	2885010	725815.05	0.018704	0.0028642	6.56536e-11	0	196350917	196939917	1
562	1	2	rs72796319	24133027	C	T	0.149	0.147	0.995	1.01928	0.0035	4.052e-8	3	---++---?---?-+--+--+--+--++	16.2	25	0.2302	466300	3078814	695746.61	0.0190965	0.00347935	4.05324e-8	0	23870027	24375027	1
563	1	2	rs2042586	34356201	A	G	0.327	0.329	0.985	0.9858	0.0026	3.486e-8	3	-------+--+-+---+++---++---+	20.5	27	0.1668	525197	3362335	788600.21	-0.0143018	0.00259323	3.48706e-8	0	34282701	34495201	1
564	1	2	rs78716456	148993376	A	G	0.0987	0.101	0.907	0.97619	0.0043	2.879e-8	4	--?--+---+----+----+--+---?+	14.8	25	0.2493	491510	2885010	725815.05	-0.024098	0.0043431	2.88003e-8	0	148687376	149201376	1
565	1	3	rs6443178	8278215	C	T	0.475	0.472	0.942	1.0142	0.0025	2.251e-8	28	---+------++-----+---+?--+-+	0	26	0.4841	517440	3337612	776791.33	0.0141001	0.00252173	2.25177e-8	0	8159215	8292815	1
566	1	3	rs77554090	65711935	T	C	0.0703	0.0714	0.938	1.02665	0.0048	3.532e-8	3	+++++++++++++----++--+?-+++-	3	26	0.4193	517440	3337612	776791.33	0.0263011	0.00477097	3.53309e-8	0	65654435	65711935	1
567	1	3	rs4680939	78592839	A	G	0.435	0.441	0.968	0.98639	0.0025	4.743e-8	3	--+--------+--+----+--?----+	0	26	0.7563	517440	3337612	776791.33	-0.0137035	0.0025095	4.74445e-8	0	78373839	78657539	1
568	1	3	rs6437748	107545170	A	G	0.501	0.506	0.991	0.98699	0.0024	2.684e-8	3	---+-----+----+--++--+---+-+	2.7	27	0.4238	525197	3362335	788600.21	-0.0130954	0.00235493	2.68479e-8	0	107382170	107570870	1
569	1	3	rs4682577	110136153	T	C	0.37	0.371	0.974	1.0141	0.0025	3.553e-8	3	++++++++?--+++-+--++++?++-++	0	25	0.6663	494016	3145392	735032.12	0.0140015	0.00254033	3.55409e-8	0	110096253	110301153	1
570	1	3	rs4129073	167191652	T	C	0.381	0.384	0.99	0.98669	0.0024	3.95e-8	4	---------+---+-+-----+++---+	34.9	27	0.03691	525197	3362335	788600.21	-0.0133994	0.00243934	3.95112e-8	0	167119352	167275152	1
571	1	4	rs509028	39978704	G	C	0.25	0.251	0.958	0.98393	0.0029	1.68e-8	3	++++-++++--+++++-+++-+?++-+-	10.7	26	0.3056	517440	3337612	776791.33	-0.0162005	0.0028714	1.68058e-8	0	39457680	40193680	1
572	1	4	rs11935823	56455791	A	T	0.366	0.365	0.972	1.0139	0.0025	2.551e-8	3	++++-++++--++++++-++++?-++-+	13.6	26	0.264	517440	3337612	776791.33	0.0138043	0.00247846	2.55177e-8	0	56061791	56545891	1
573	1	4	rs4834289	113427134	G	A	0.49	0.49	0.987	0.98718	0.0024	4.706e-8	14	++-+-++++-+++++--+-+++-++-++	9.2	27	0.3268	525197	3362335	788600.21	-0.0129029	0.00236229	4.70729e-8	0	113354334	113593134	1
574	1	4	rs6536719	164215095	T	C	0.258	0.254	0.986	1.01572	0.0028	2.696e-8	3	++--++++0+--+++++-++--+-++++	0	27	0.518	525197	3362335	788600.21	0.0155977	0.00280532	2.69685e-8	0	164180388	164252988	1
575	1	5	rs10060069	20143940	G	A	0.456	0.451	0.956	1.01379	0.0025	4.566e-8	18	---+---+--++-+-+++-+--?--+--	0	26	0.7267	517440	3337612	776791.33	0.0136958	0.002505	4.5674e-8	0	19977940	20289940	1
576	1	5	rs13171547	29264189	C	T	0.33	0.326	0.978	1.01461	0.0025	6.089e-9	4	--+-+-------+-----+--+-----+	45	27	0.00584	525197	3362335	788600.21	0.0145043	0.00249462	6.09111e-9	0	29031189	29348489	1
577	1	5	rs1032712	31062973	T	A	0.34	0.338	0.957	1.0141	0.0025	3.03e-8	5	----------++-+-+--0-+--+---+	18	27	0.1998	525197	3362335	788600.21	0.0140015	0.00252751	3.0309e-8	0	31062973	31093873	1
578	1	5	rs4705336	148747902	C	G	0.196	0.198	0.981	0.98285	0.003	5.17e-9	20	+--------++--++----+---+-+-+	0	27	0.6652	525197	3362335	788600.21	-0.0172988	0.00296133	5.17186e-9	0	148706902	148780402	1
579	1	5	rs2963662	175850820	T	C	0.27	0.27	0.978	0.98413	0.0028	1.828e-8	3	--------?---?--+--+---?-----	11	24	0.3063	458543	3054091	683937.73	-0.0159973	0.00284271	1.82865e-8	0	175810720	175945020	1
580	1	6	rs12203592	396321	T	C	0.157	0.156	0.972	1.02051	0.0037	3.584e-8	36	+++?-+??-+??+--++??+??-+++??	35.8	16	0.07135	468866	3119758	710286.68	0.0203025	0.00368457	3.58531e-8	0	382521	396321	1
581	1	6	rs17544187	53131343	G	T	0.0615	0.0609	0.983	1.02716	0.0049	4.699e-8	4	---+---+-----+-+----+--+-+--	0	27	0.674	525197	3362335	788600.21	0.0267977	0.00490595	4.70027e-8	0	53084643	53255343	1
582	1	6	rs72962083	117080407	C	T	0.208	0.208	0.918	1.01796	0.0031	1.384e-8	5	---------+--+-+-----+-?+-+--	16.5	26	0.2237	517440	3337612	776791.33	0.0178006	0.00313651	1.38452e-8	0	116821407	117080851	1
583	1	6	rs34489871	163558679	A	G	0.191	0.194	0.987	0.98295	0.003	9.408e-9	5	---+--++-++--+-------++----+	0	27	0.584	525197	3362335	788600.21	-0.017197	0.00299547	9.41117e-9	0	163544079	163611479	1
584	1	7	rs75164731	14835477	C	T	0.0253	0.0262	0.868	1.04645	0.008	1.192e-8	4	---++---++---???----+-+-----	0	24	0.7198	523674	3337140	785727.94	0.0454035	0.0079644	1.19245e-8	0	14763777	14923077	1
585	1	7	rs1380380	16813427	T	C	0.462	0.461	0.996	0.98728	0.0023	4.647e-8	19	---+----------++--+--+++----	0	27	0.7164	525197	3362335	788600.21	-0.0128016	0.00234278	4.64825e-8	0	16791227	16823097	1
586	1	7	rs371043747	63841784	A	G	0.022	0.0208	0.889	1.04833	0.0086	3.505e-8	3	++--?++++?+++--+-++++++-+-++	0	25	0.8418	517563	3320553	775701.33	0.0471984	0.00855962	3.50607e-8	0	63463784	66441784	1
587	1	7	rs6962352	75189471	G	A	0.423	0.422	0.989	1.01379	0.0024	1.5630000000000002e-08	50	---------++--???-?-+++?--+-?	9.4	21	0.3345	514433	3301362	771745.5	0.0136958	0.00242213	1.56351e-8	0	74481471	75196531	1
588	1	7	rs4529405	84405422	G	A	0.501	0.495	0.994	1.01349	0.0024	4.38e-8	43	---------++---+--++--+-+-++-	0	27	0.8075	525197	3362335	788600.21	0.0133998	0.00244757	4.3813e-8	0	84101422	84709422	1
589	1	7	rs2396784	114672684	C	A	0.247	0.245	0.995	1.01582	0.0027	9.406e-9	4	+--++-----++-+++--+---+--+--	32.2	27	0.05308	525197	3362335	788600.21	0.0156962	0.00273402	9.40913e-9	0	114592984	114846684	1
590	1	7	rs17621391	140176596	C	T	0.272	0.272	0.853	0.98393	0.003	4.972e-8	13	++-++++++-+++++-++++-+?-+-+-	14.1	26	0.2572	517440	3337612	776791.33	-0.0162005	0.00297135	4.9737e-8	0	140117770	140182510	1
591	1	7	rs2692394	144633224	A	G	0.439	0.444	0.975	0.98639	0.0025	3.579e-8	11	----+-------+-+++--+--?-----	0	26	0.5043	517440	3337612	776791.33	-0.0137035	0.00248684	3.58011e-8	0	144475224	144660024	1
592	1	8	rs7465218	4508910	G	C	0.199	0.201	0.991	0.98364	0.003	2.441e-8	3	++-+++++-++++---+-++++-++-+-	9	27	0.3299	525197	3362335	788600.21	-0.0164953	0.00295754	2.44173e-8	0	4494010	4555910	1
593	1	9	rs4133767	22731935	G	A	0.443	0.441	0.992	1.01308	0.0024	3.888e-8	26	-------+-+---+-+++---------+	18.7	27	0.1903	525197	3362335	788600.21	0.0129952	0.00236456	3.88908e-8	0	22519935	22901935	1
594	1	9	rs10812742	28108007	T	C	0.445	0.45	0.977	0.98669	0.0024	2.435e-8	4	--++----------+--+-+++?+----	1.4	26	0.4435	517440	3337612	776791.33	-0.0133994	0.00240227	2.43575e-8	0	28107917	28224007	1
595	1	9	rs9314674	81294157	T	G	0.354	0.355	0.965	0.9859	0.0026	3.785e-8	3	--+++------+--+-+-----?----+	30.6	26	0.06802	517440	3337612	776791.33	-0.0142003	0.00258163	3.78617e-8	0	81196857	81372557	1
596	1	10	rs10822692	67769960	A	G	0.477	0.475	0.985	0.9858	0.0025	6.936e-9	5	----------+------+--++?+-+--	0	26	0.7542	517440	3337612	776791.33	-0.0143018	0.00246906	6.93863e-9	0	67768120	68061960	1
597	1	10	rs60995426	72884713	A	G	0.251	0.251	0.963	1.01684	0.0029	5.403e-9	4	+++-+++++++++--+-+-+++?+++++	0	26	0.7717	517440	3337612	776791.33	0.0166998	0.0028624	5.40514e-9	0	72807313	72976113	1
598	1	10	rs1250600	81010850	T	G	0.365	0.365	0.987	1.01349	0.0024	4.292e-8	45	+++-+++-+-++++----++-+++++++	0	27	0.9391	525197	3362335	788600.21	0.0133998	0.00244596	4.29319e-8	0	80958550	81018950	1
599	1	10	rs78884236	92803991	C	T	0.18	0.181	0.968	0.98285	0.0031	3.817e-8	3	++--+++++++++++-+++-+-++++?+	0	26	0.5041	511850	3216339	764142.18	-0.0172988	0.00314577	3.81813e-8	0	92690991	92846591	1
600	1	10	rs882999	110119994	T	G	0.493	0.487	0.99	1.01359	0.0024	2.736e-8	4	++++++--++-+?+-++-++-++-++++	0	26	0.7137	489724	3271034	737505.82	0.0134985	0.00242888	2.73685e-8	0	109953994	110312994	1
601	1	11	rs1445502	85589298	A	T	0.285	0.289	0.993	0.98491	0.0027	1.981e-8	3	--------?--+--++-+-----+-+?+	30.7	25	0.07074	488426	3024119	722382.97	-0.015205	0.00270861	1.98166e-8	0	84656298	85866298	1
602	1	11	rs11220812	127028030	G	C	0.0812	0.079	0.926	1.02593	0.0047	4.447e-8	3	---++-++-----+----+--+?--+--	7.4	26	0.355	517440	3337612	776791.33	0.0255995	0.00467823	4.4484e-8	0	126999430	127028741	1
603	1	11	rs73025662	133370326	T	G	0.192	0.194	0.968	0.98324	0.003	2.604e-8	4	---+--+-----+-+--++-+-?--+--	38.6	26	0.0226	517440	3337612	776791.33	-0.016902	0.00303659	2.6048e-8	0	133280926	133400326	1
604	1	13	rs73170514	26036921	T	C	0.21	0.209	0.993	1.01582	0.0029	4.811e-8	4	-+++++++++-++--+++++-+++++--	45.3	27	0.005332	525197	3362335	788600.21	0.0156962	0.00287575	4.81229e-8	0	25976821	26036921	1
605	1	13	rs79104582	91979840	A	C	0.0994	0.103	0.972	0.97775	0.0041	2.727e-8	4	-------+--+---+++++-++-+--?-	13.3	26	0.2683	511850	3216339	764142.18	-0.0225013	0.0040484	2.72787e-8	0	91953440	92067140	1
606	1	13	rs9560984	92878118	A	C	0.215	0.212	0.998	1.01654	0.0029	2.584e-8	3	+++-++++++--?---++++++--++++	33.1	26	0.05026	489724	3271034	737505.82	0.0164047	0.00294653	2.5848e-8	0	92665118	92912418	1
607	1	14	rs10151239	38972370	A	C	0.42	0.418	0.98	1.0145	0.0026	1.812e-8	6	++?--++++++-+-+----++-?++-?+	21.5	24	0.1664	483753	2860287	714006.16	0.0143959	0.00255745	1.81264e-8	0	38751370	38976560	1
608	1	14	rs3007061	47238606	T	C	0.374	0.378	0.944	0.98551	0.0026	1.743e-8	16	---+---+-+---+++--+---------	2.8	27	0.4228	525197	3362335	788600.21	-0.014596	0.00258992	1.74361e-8	0	46777606	47447606	1
609	1	14	rs28684628	73439505	A	T	0.381	0.388	0.986	0.98541	0.0025	2.813e-9	1	---?-----?------?-----?--?-?	0	21	0.4927	502645	3283105	753942.06	-0.0146975	0.00247345	2.81413e-9	0	73373005	73710505	1
610	1	15	rs2701508	37436748	G	A	0.275	0.278	0.978	0.98482	0.0028	3.976e-8	7	+++++++-+++--+++---++-?++-?-	10.5	25	0.3109	504093	3191616	752333.29	-0.0152964	0.00278529	3.97725e-8	0	37411648	37451248	1
611	1	15	rs7166812	43644760	C	T	0.297	0.3	0.994	0.98551	0.0027	4.485e-8	3	++++-+++++-+?-----+-+-?++++-	38.1	25	0.0264	481967	3246311	725696.93	-0.014596	0.0026681	4.48633e-8	0	43541760	44327760	1
612	1	15	rs139219993	56885148	G	C	0.0137	0.0142	0.927	1.06194	0.0105	9.574e-9	3	---+----++--------+-+--+-+-+	0	27	0.9875	522445	3358720	785627.23	0.0600974	0.0104735	9.57753e-9	0	56477148	57607148	1
613	1	15	rs1972927	91573449	T	C	0.436	0.435	0.897	1.01461	0.0026	3.313e-8	23	++++-++++---+-++-++++-?+++-+	0	26	0.7233	517440	3337612	776791.33	0.0145043	0.0026257	3.31416e-8	0	91539049	91580959	1
614	1	16	rs4421986	23191250	A	G	0.326	0.33	0.976	0.98462	0.0027	8.688e-9	8	----------+-+-++-+----?--+?-	0	25	0.4736	504093	3191616	752333.29	-0.0154995	0.00269347	8.69138e-9	0	23038250	23206650	1
615	1	16	rs8057044	53812614	A	G	0.483	0.482	0.998	1.01359	0.0024	8.942e-9	7	+++++++-++++++--+-++--++++--	0	27	0.4676	525197	3362335	788600.21	0.0134985	0.00234772	8.94498e-9	0	53798514	53845514	1
616	1	17	rs7502233	38218804	G	A	0.334	0.334	0.968	0.98531	0.0027	2.477e-8	40	+++++++++++++++++++-+++++---	0	27	0.9606	525197	3362335	788600.21	-0.014799	0.00265461	2.47783e-8	0	38128804	38251704	1
617	1	18	rs12456591	25362907	C	G	0.352	0.353	0.907	0.98521	0.0027	4.925e-8	3	---?---++++-+-+-------?---?-	20.9	24	0.1739	503163	3185886	750733.02	-0.0149005	0.00273206	4.92664e-8	0	25353247	25474907	1
618	1	18	rs117763335	42260348	T	C	0.252	0.254	0.961	0.98403	0.0029	2.038e-8	3	--------------++--+-+-?--+++	0	26	0.5566	517440	3337612	776791.33	-0.0160989	0.00287035	2.0387e-8	0	41986348	42260348	1
619	1	19	rs60570301	18597196	A	G	0.121	0.121	0.913	0.97814	0.004	3.57e-8	3	--?+-------+-----++-+-?+--?+	0	24	0.6575	483753	2860287	714006.16	-0.0221025	0.00401073	3.57125e-8	0	18510796	18820196	1
620	1	21	rs9974713	38817699	T	C	0.23	0.231	0.889	0.98039	0.0035	1.826e-8	31	--?-+----------+-+---+?---?-	0	24	0.9108	483753	2860287	714006.16	-0.0198048	0.0035192	1.82689e-8	0	38715699	38909099	1
621	1	22	rs138834	50180497	C	A	0.196	0.195	0.976	1.01694	0.0031	4.494e-8	3	---++-----+---------++-+-+--	0	27	0.5489	525197	3362335	788600.21	0.0167981	0.00307084	4.49532e-8	0	50153252	50343652	1
622	1	23	rs1378559	21380266	C	T	0.152	0.154	1.01	0.97171	0.0039	3.237e-13	33	+++++?++	40.9	6	0.1183	264155	2698761	449841.3	NA	NA	NA	NA	21380266	21380266	1
