region	snp_idx	CHR	SNP	BP	A1	A2	FRQ_A_524857	FRQ_U_3059006	INFO	OR	SE	P	ngt	Direction	HetISqt	HetDf	HetPVa	Nca	Nco	Neff_half	bJ	bJ_se	pJ	LD_r	range.left	range.right	n_sig_snps
1	1	1	rs301806	8482078	C	T	0.43	0.432	0.997	1.0201	0.0024	1.869e-16	38	-----------------------+-+?-	6.5	26	0.3676	511510	2913010	749148.37	0.0199007	0.00240005	1.11569e-16	0	8352379	8917240	162
2	1	1	rs12406582	18123443	G	T	0.141	0.14	0.995	0.98089	0.0034	1.845e-8	4	+++-++++--+-+++-+++-++++++?+	14.8	26	0.2466	511510	2913010	749148.37	-0.019295	0.00340003	1.38734e-8	0	17924443	18157843	8
3	1	1	rs77648004	35765084	G	A	0.0355	0.0373	0.812	1.04844	0.007	1.53e-11	3	----+----?+--??-+?---+---+-+	11.8	23	0.2971	522994	3030062	770139.15	0.0473033	0.00700013	1.404e-11	0	35568084	36865084	8
4	1	1	rs218987	37167333	T	G	0.31	0.312	0.985	1.01877	0.0025	3.269e-13	4	+++++++++++-+++++--+-++-+++-	4.7	27	0.3941	524857	3059006	773606.41	0.018596	0.00250004	1.02008e-13	0	37084033	37261133	33
5	1	1	rs215816	37667068	A	C	0.292	0.289	0.99	1.01765	0.0026	2.858e-11	3	+++++++-+-+++???+?++--+-++??	0	21	0.5783	508503	2876760	744102.55	0.017496	0.00260004	1.70673e-11	0	37654568	37782968	17
6	1	1	rs7519947	38447725	C	T	0.279	0.28	0.983	1.01511	0.0026	1.001e-8	5	------------+--+-+---+-+-+--	13.7	27	0.2599	524857	3059006	773606.41	0.014997	0.00260003	8.02088e-9	0	38203554	38463554	14
7	1	1	rs6671257	50232651	T	A	0.106	0.104	0.969	0.97064	0.0039	2.822e-14	5	+++++++-+--++-+++++++++-+--+	24.2	27	0.1236	524857	3059006	773606.41	-0.0256754	0.0039527	8.26626e-11	-0.167206	49221643	50637243	62
7	2	1	rs12138061	50572096	A	C	0.223	0.219	0.981	1.02143	0.0028	6.232e-14	4	+++-+++++--+++--++-++++++++-	17.6	27	0.2052	524857	3059006	773606.41	0.0182056	0.00283783	1.40532e-10	0	49221643	50637243	62
8	1	1	rs7413471	52339759	T	C	0.468	0.467	0.988	0.98157	0.0024	2.959e-15	3	---------+-+-++-----+--+-+--	0	27	0.6656	524857	3059006	773606.41	-0.0186019	0.00240005	9.14293e-15	0	52034759	53075058	36
9	1	1	rs437021	61738270	T	C	0.462	0.457	0.916	1.01633	0.0025	5.702e-11	55	++--+++++++++-++++++--?++-?-	23.7	25	0.1375	503753	2888287	737339.49	0.0161981	0.00250004	9.22432e-11	0	61671760	61751410	3
10	1	1	rs2503185	66461401	G	A	0.46	0.468	0.984	0.98138	0.0024	5.838e-15	20	++++++++++-++++++++-+-++++?-	1.4	26	0.443	511510	2913010	749148.37	-0.0187955	0.00240005	4.82837e-15	0	66304401	66635401	94
11	1	1	rs2815369	67500894	T	C	0.217	0.213	0.98	0.98285	0.0029	2.534e-9	3	-------+-+++--+++---++++----	22.2	27	0.147	524857	3059006	773606.41	-0.0172988	0.00290003	2.44579e-9	0	67364894	67529094	21
12	1	1	rs2568957	72764430	A	G	0.176	0.172	0.987	0.96348	0.0031	1.5799999999999999e-32	4	---------+++-++--+---++--+--	30.1	27	0.06857	524857	3059006	773606.41	-0.0374138	0.0032400800000000002	7.62646e-31	-0.239569	71677518	75014577	1139
12	2	1	rs72945113	72845264	C	T	0.196	0.196	0.983	0.98255	0.003	3.692e-9	3	++++++++++--++-+-+-+-++-++--	46.6	27	0.003882	524857	3059006	773606.41	-0.0265047	0.00308824	9.28552e-18	0.0112908	71677518	75014577	1139
12	3	1	rs6424532	73664022	A	G	0.509	0.504	0.98	1.03179	0.0023	1.488e-40	4	+++++++++++-+++++-+++-+++-+-	44	27	0.007344	524857	3059006	773606.41	0.0267083	0.00233657	2.94234e-30	0	71677518	75014577	1139
13	1	1	rs12135823	80813667	A	G	0.278	0.276	0.951	1.01888	0.0026	1.632e-12	3	+++++++-+-+++-+-++++-++++++-	3	27	0.42	524857	3059006	773606.41	0.018704	0.00260004	6.30432e-13	0	80715434	80893134	116
14	1	1	rs61789451	84119728	T	C	0.442	0.443	0.983	1.01359	0.0024	1.623e-8	3	++++-+++++++--++++-+++--+++-	2.1	27	0.4325	524857	3059006	773606.41	0.0134985	0.00240002	1.86241e-8	0	83886728	84206928	2
15	1	1	rs2783975	87331740	A	C	0.141	0.139	0.993	0.97971	0.0034	1.46e-9	3	-------+------+0-+---++-----	10.5	27	0.3074	524857	3059006	773606.41	-0.0204987	0.00340004	1.65016e-9	0	87230742	87584742	62
16	1	1	rs6683030	87930889	T	C	0.481	0.485	0.998	0.9857	0.0023	6.346e-10	59	---+------++---+--+-++---+--	0	27	0.9072	524857	3059006	773606.41	-0.0144032	0.0023000300000000002	3.79611e-10	0	87806793	88023193	3
17	1	1	rs926801	88843414	A	T	0.323	0.319	0.992	0.98413	0.0025	2.813e-10	3	--+-------++-------+--------	6.3	27	0.3694	524857	3059006	773606.41	-0.0159973	0.00250003	1.56561e-10	0	88658367	88944867	68
18	1	1	rs161670	96737383	C	T	0.234	0.231	0.98	0.98255	0.0028	3.157e-10	7	++-++++++--++-+-++-++-+++-+-	0.8	27	0.4523	524857	3059006	773606.41	-0.017604	0.00280003	3.23522e-10	0	96154463	97699553	25
19	1	1	rs12023901	154207635	T	G	0.0965	0.0934	0.873	0.97521	0.0045	3.434e-8	3	--?--+-+?-+-?++++----+---+?-	46	23	0.007799	432613	2601489	632961.44	-0.0251024	0.00450005	2.42957e-8	0	153751635	154376635	2
20	1	1	rs116344316	168904381	C	G	0.0865	0.0871	0.956	0.9759	0.0043	1.363e-8	3	----------+---+--+----?--+-+	0	26	0.7988	517100	3034283	761797.53	-0.0243952	0.00430005	1.40119e-8	0	168788643	169009381	2
21	1	1	rs12404596	176040169	C	T	0.416	0.422	0.933	0.9862	0.0024	1.055e-8	7	-++-++++++++++++-++-+++-+-+-	10.2	27	0.3105	524857	3059006	773606.41	-0.0138961	0.00240003	7.03943e-9	0	175902604	176414804	25
22	1	1	rs10913339	177394187	G	A	0.16	0.157	0.985	1.02	0.0032	7.551e-10	9	---++-+--+---+-++-+--+---+--	14.7	27	0.2453	524857	3059006	773606.41	0.0198026	0.00320004	6.08392e-10	0	177237187	177427987	70
23	1	1	rs78944362	181591756	T	C	0.0653	0.0647	0.995	1.03707	0.0047	1.745e-14	3	++--+++++++++--++-+++-+++-+-	37.2	27	0.02611	524857	3059006	773606.41	0.0363994	0.00470008	9.60238e-15	0	181529356	181734756	35
24	1	1	rs1246726	191349614	T	C	0.478	0.478	0.992	1.01319	0.0023	2.25e-8	52	++-+-++++++++0++-++-+++++++-	13.6	27	0.2609	524857	3059006	773606.41	0.0131038	0.00230002	1.21755e-8	0	191005614	191418414	4
25	1	1	rs10922252	197523791	A	G	0.43	0.43	0.991	0.98295	0.0024	4.738e-13	3	------+-------+-------------	22.9	27	0.1386	524857	3059006	773606.41	-0.017197	0.00240004	7.76162e-13	0	197342791	197867791	55
26	1	1	rs10922431	198448201	A	T	0.05	0.0494	0.986	1.03303	0.0054	2.425e-9	3	++++++-+++-++???+?+++++++--?	51.3	22	0.00255	521850	3022756	768560.59	0.0324962	0.00540006	1.7686e-9	0	198007754	199056754	29
27	1	1	rs481530	201763912	T	C	0.335	0.338	0.993	0.9861	0.0025	3.449e-8	42	--+++-----+--+----++++++--?-	0	26	0.8731	511510	2913010	749148.37	-0.0139975	0.00250002	2.15659e-8	0	201745184	201886184	3
28	1	1	rs340869	214129126	T	C	0.355	0.356	0.995	1.01369	0.0025	2.882e-8	3	++++++-++-+++---+-+++++++-+-	0	27	0.6206	524857	3059006	773606.41	NA	NA	NA	NA	214057326	214163626	4
29	1	1	rs12116805	214423797	A	T	0.277	0.286	0.96	0.98255	0.0027	3.22e-11	9	----------+---++---------+--	22.2	27	0.1469	524857	3059006	773606.41	-0.017604	0.00270004	7.03505e-11	0	214413097	214442497	5
30	1	1	rs1811900	216295719	G	A	0.35	0.354	0.998	0.9858	0.0024	5.604e-9	16	++++-++++++++++-+-+++++-+++-	18.2	27	0.1974	524857	3059006	773606.41	-0.0143018	0.00240002	2.53753e-9	0	216248366	216440566	21
31	1	1	rs2576202	217073301	A	C	0.355	0.353	0.985	1.01582	0.0025	2.823e-10	5	+++++++++-+++-++++++++?++++-	0	26	0.5629	517100	3034283	761797.53	0.0156962	0.00250003	3.42072e-10	0	217055988	217249324	20
32	1	1	rs6426547	227004367	G	A	0.468	0.469	0.987	0.98334	0.0024	1.051e-12	3	+++++++++-++++--++++-++-+-+-	5	27	0.3897	524857	3059006	773606.41	-0.0168003	0.00240004	2.55935e-12	0	226915367	227223367	35
33	1	1	rs584695	241804070	T	C	0.331	0.333	0.934	0.98521	0.0026	8.168e-9	4	---+------+--+-------+?-----	21.7	26	0.1564	517100	3034283	761797.53	-0.0149005	0.00260003	9.98998e-9	0	241775689	241814369	6
34	1	1	rs34465753	246194044	G	C	0.218	0.22	0.987	0.98177	0.0028	1.109e-10	3	+++++++++++0+++-++-++++-+-++	37.8	27	0.02396	524857	3059006	773606.41	-0.0183982	0.00280004	5.00791e-11	0	246064044	246356044	53
35	1	2	rs10929357	15410107	G	A	0.451	0.458	0.986	0.98364	0.0024	1.306e-11	3	++?++++++-+++--++--++-+-++?+	29.8	25	0.07771	491510	2885010	725815.04	-0.0164953	0.00240004	6.28929e-12	0	15294107	15482907	60
36	1	2	rs1356704	22121484	G	A	0.487	0.492	0.993	0.98383	0.0023	3.922e-12	6	+++++++-+++++--+++++++--+++-	5.5	27	0.3826	524857	3059006	773606.41	-0.0163022	0.0023000300000000002	1.36253e-12	0	22019546	22185346	54
37	1	2	rs67446571	22554648	G	A	0.386	0.383	0.98	1.02603	0.0024	3.5400000000000003e-26	3	---------+---++------+-+----	0	27	0.4984	524857	3059006	773606.41	0.021798	0.0024512	5.95917e-19	0.208698	22245883	23104001	224
37	2	2	rs13012903	22888130	A	G	0.363	0.358	0.98	1.02491	0.0025	1.617e-23	3	+++++++++-+++++-+-+-+++-+++-	20.4	27	0.1687	524857	3059006	773606.41	0.019992	0.00255332	4.88705e-15	0	22245883	23104001	224
38	1	2	rs12478766	28041200	C	T	0.198	0.198	0.99	0.98324	0.0029	1.089e-8	4	+++++++++-++++--+++++-+-++++	30.2	27	0.06745	524857	3059006	773606.41	-0.016902	0.00290003	5.60226e-9	0	27731059	28403059	14
39	1	2	rs6544723	44204998	G	C	0.357	0.357	0.995	0.98452	0.0024	2.023e-10	4	+++--++-+--++--++-++-+-+++++	23.4	27	0.1329	524857	3059006	773606.41	-0.0156011	0.00240003	8.01188e-11	0	44112374	44274474	44
40	1	2	rs72881281	50392938	G	A	0.0641	0.0668	0.984	0.9686	0.0049	1.064e-10	3	++?++++++++-+--+-?+++++++-?+	11.4	24	0.3011	491089	2875876	725010.14	-0.0319035	0.00490007	7.47385e-11	0	50067938	50753938	44
41	1	2	rs3842981	50976459	T	G	0.128	0.122	0.971	1.0248	0.0037	2.254e-11	10	++++++-++---+++-++++-++++-?+	0	26	0.7471	511510	2913010	749148.37	0.0269737	0.00372246	4.28592e-13	-0.112504	50884359	51618666	71
41	2	2	rs9751737	51019232	C	T	0.213	0.209	0.963	1.01552	0.0029	1.264e-7	47	--0++-+--+-----+++--+-+--+++	0	27	0.8596	524857	3059006	773606.41	0.0177168	0.00291758	1.26008e-9	0	50884359	51618666	71
42	1	2	rs11682175	57987593	C	T	0.468	0.468	0.998	1.02593	0.0023	7.118e-28	25	---------+-----+-----+++-+--	41	27	0.01338	524857	3059006	773606.41	0.0267335	0.00236762	1.44881e-29	-0.224366	57462963	59239963	227
42	2	2	rs56873970	58667149	A	G	0.125	0.124	0.989	1.01066	0.0035	0.002759	4	-++++++++-+++-++-++-+-+++++-	27.1	27	0.09392	524857	3059006	773606.41	0.020456	0.00359165	1.2306e-8	0.0332172	57462963	59239963	227
42	3	2	rs10490091	58881871	G	A	0.132	0.132	0.964	0.97239	0.0035	1.354e-15	6	+++-+++-+---+-+++++++++-+-++	35.3	27	0.03493	524857	3059006	773606.41	-0.024566	0.00351552	2.79067e-12	-0.0684884	57462963	59239963	227
42	4	2	rs55899910	58969692	T	A	0.0292	0.029	0.983	1.05159	0.007	8.201e-13	3	+--------?---???-?-----?-?-+	0	20	0.8707	521064	3018069	767284.53	0.0421637	0.00702754	1.97589e-9	0	57462963	59239963	227
43	1	2	rs12713413	60160790	T	C	0.393	0.399	0.994	0.98334	0.0024	2.96e-12	41	---------+-+--------+-+++--+	62.5	27	5.687e-6	524857	3059006	773606.41	-0.0156798	0.00240392	6.91069e-11	0.0577606	60011127	60539622	59
43	2	2	rs359258	60486157	T	C	0.367	0.367	0.992	0.97961	0.0024	4.105e-17	3	---+---+------++-+---++-----	18.5	27	0.1931	524857	3059006	773606.41	-0.0197093	0.00240394	2.42941e-16	0	60011127	60539622	59
44	1	2	rs112408624	63325900	G	C	0.189	0.188	0.972	0.97951	0.003	9.142e-12	3	++-++++++---+--+-++--++++++-	10.4	27	0.3085	524857	3059006	773606.41	-0.0207028	0.00300004	5.16987e-12	0	62724900	64405900	142
45	1	2	rs6745907	71609073	A	G	0.432	0.43	0.994	0.9862	0.0024	1.418e-8	3	--?---+--+--++----+----+-+?-	28.4	25	0.08966	491510	2885010	725815.04	-0.0138961	0.00240003	7.03944e-9	0	71391549	71702549	13
46	1	2	rs7583333	76761004	T	C	0.256	0.251	0.987	1.01511	0.0027	3.763e-8	3	++++++++-++++++-+-++-++-+-+-	10.4	27	0.3081	524857	3059006	773606.41	0.014997	0.00270003	2.78579e-8	0	76756112	76799112	33
47	1	2	rs73949838	86825143	T	C	0.145	0.142	0.97	1.0201	0.0034	5.429e-9	5	+++++++--+--++++-+++++?-+++-	11.1	26	0.3006	517100	3034283	761797.53	0.0199007	0.00340004	4.82539e-9	0	86113531	87078069	11
48	1	2	rs7563455	100063681	C	T	0.431	0.428	0.994	1.01349	0.0024	2.644e-8	3	----+---------+----+------?-	33.4	26	0.04839	511510	2913010	749148.37	0.0133998	0.00240002	2.36139e-8	0	99383001	100183301	16
49	1	2	rs72820274	104412924	A	G	0.419	0.419	0.983	1.01552	0.0024	1.411e-10	4	-++++++-++++++--+++++-?+++++	22.3	26	0.1497	517100	3034283	761797.53	0.0155423	0.00240011	9.43979e-11	-0.00828106	104026112	105120959	74
49	2	2	rs60923162	104984959	G	A	0.225	0.22	0.989	1.02041	0.0028	1.059e-12	3	----+----+----++--+---?--+-+	0	26	0.9593	517100	3034283	761797.53	0.0203516	0.00280014	3.64662e-13	0	104026112	105120959	74
50	1	2	rs7581524	113234316	T	C	0.278	0.275	0.952	1.01562	0.0027	6.01e-9	11	+++-++-++-+++++++--+-++++-++	0	27	0.503	524857	3059006	773606.41	0.0154993	0.00270003	9.44417e-9	0	112930316	113345316	2
51	1	2	rs780024	125052996	A	T	0.345	0.341	0.984	1.01969	0.0025	5.178e-15	3	+++-++++++-++++-+-+---?-+++-	0	26	0.5221	517100	3034283	761797.53	0.0197924	0.00250048	2.46375e-15	-0.0189125	124932996	125304265	122
51	2	2	rs6722312	125278565	T	C	0.324	0.321	0.988	1.01552	0.0025	1.49e-9	27	+++++++++++++---+--++-+-+-++	0	27	0.4653	524857	3059006	773606.41	0.0157694	0.00250046	2.8521e-10	0	124932996	125304265	122
52	1	2	rs7579730	138392297	T	C	0.285	0.28	0.98	1.01623	0.0026	1.184e-9	4	+++-++-+++++++++++++-+?-+-++	0	26	0.5762	517100	3034283	761797.53	0.0160997	0.00260003	5.93602e-10	0	138077450	138425950	38
53	1	2	rs1437336	142491507	G	T	0.104	0.102	0.987	1.02224	0.004	3.135e-8	27	----+--------+-----+-+---+?+	0	26	0.6905	511510	2913010	749148.37	0.0219963	0.00400004	3.81905e-8	0	142487446	142497216	2
54	1	2	rs1320138	144158287	T	C	0.435	0.429	0.992	1.01674	0.0024	2.406e-12	17	+++++++++++++---++-+--+-+++-	20.6	27	0.1662	524857	3059006	773606.41	0.0166014	0.00240004	4.60834e-12	0	144056392	144285992	13
55	1	2	rs72854416	145675468	A	G	0.247	0.246	0.982	0.98373	0.0027	2.638e-9	3	-------------++---+-------+-	0	27	0.8505	524857	3059006	773606.41	-0.0164038	0.00270003	1.23668e-9	0	145631165	145847265	21
56	1	2	rs10200377	146691431	T	C	0.249	0.243	0.99	1.01593	0.0027	9.381e-9	47	+++--++++-+-++-+++-++-++++++	0	27	0.8882	524857	3059006	773606.41	0.0158044	0.00270003	4.81561e-9	0	146659321	146859021	3
57	1	2	rs6751778	153268611	A	G	0.247	0.249	0.99	0.98423	0.0027	4.926e-9	16	---------+-+-+-++----+---+--	0	27	0.9728	524857	3059006	773606.41	-0.0158957	0.00270003	3.92711e-9	0	152786611	153433611	9
58	1	2	rs707036	155222952	C	A	0.308	0.315	0.994	0.98501	0.0025	2.986e-9	4	+++-++-++--++++--+--+++++-++	17.8	27	0.2021	524857	3059006	773606.41	-0.0151035	0.00250003	1.52845e-9	0	155211761	155321761	8
59	1	2	rs11903494	157145541	T	G	0.205	0.21	0.975	0.97775	0.0029	2.305e-14	6	---------+-------+---+?-----	16.5	26	0.2236	517100	3034283	761797.53	-0.0225013	0.00290005	8.56539e-15	0	156952541	157216241	53
60	1	2	rs6755927	160417561	A	G	0.0998	0.105	0.966	0.97687	0.0039	2.9e-9	14	---+--+------+--+----+++-+--	0.5	27	0.456	524857	3059006	773606.41	-0.0234017	0.00390004	1.96872e-9	0	160249670	161049475	10
61	1	2	rs6745493	161505983	T	G	0.33	0.329	0.99	1.01511	0.0025	2.057e-9	3	+++-+++++++++--++++++++-+-++	2.4	27	0.4284	524857	3059006	773606.41	0.0161584	0.00250335	1.08416e-10	0.0525478	161440199	162959765	52
61	2	2	rs1267067	162007748	C	T	0.302	0.307	0.975	0.97765	0.0026	9.799e-19	4	+++++++++---+---+-++--+++-+-	27.2	27	0.09329	524857	3059006	773606.41	-0.0234684	0.00260351	1.98436e-19	0	161440199	162959765	52
62	1	2	rs7593109	164898133	T	G	0.228	0.227	0.992	1.01603	0.0028	2.135e-8	3	+++++++++++++++++-+-+-++++?-	0	26	0.8759	511510	2913010	749148.37	0.0195759	0.00285466	7.00663e-12	0.197559	164653279	165178741	23
62	2	2	rs1371187	165045101	G	A	0.432	0.436	0.988	0.98718	0.0024	8.35e-8	3	+++++++-+-+-+--++-++-+++++?-	0	26	0.7465	511510	2913010	749148.37	-0.0161698	0.00244685	3.88413e-11	0	164653279	165178741	23
63	1	2	rs62183783	172865775	A	G	0.429	0.424	0.983	1.01765	0.0024	2.348e-13	3	+++--++++++++-+++++++++++-++	34.1	27	0.04153	524857	3059006	773606.41	0.017496	0.00240004	3.10236e-13	0	172520359	172929559	122
64	1	2	rs3769249	173822662	A	G	0.399	0.403	0.99	0.98452	0.0024	8.428e-11	18	---------++--+--+----+-----+	11.7	27	0.289	524857	3059006	773606.41	-0.0156011	0.00240003	8.01208e-11	0	173789047	173879497	12
65	1	2	rs17255455	175239185	A	C	0.431	0.436	0.986	0.98118	0.0024	2.084e-15	30	---++-----+----+--+-+-?-----	28.4	26	0.08597	517100	3034283	761797.53	-0.0189994	0.00240005	2.44764e-15	0	175178885	175414185	66
66	1	2	rs10165846	176727834	C	T	0.48	0.485	0.991	0.98629	0.0024	5.173e-9	3	++++-+++++++++--+-++----+-+-	13.2	27	0.2666	524857	3059006	773606.41	-0.0138048	0.00240003	8.82254e-9	0	176711221	176735941	3
67	1	2	rs11681373	185785791	G	A	0.394	0.395	0.996	0.98255	0.0024	5.483e-13	3	+++-++-++++-+++++-++-+--++?-	36.8	26	0.03018	511510	2913010	749148.37	-0.017604	0.00240004	2.21923e-13	0	185410040	186227040	44
68	1	2	rs11900232	198466273	T	C	0.336	0.327	0.993	1.02041	0.0025	1.22e-15	5	+++-++++++--+++++-++++++++++	37.5	27	0.02495	524857	3059006	773606.41	0.0202045	0.00250005	6.39032e-16	0	198143692	198952692	182
69	1	2	rs56404650	208076457	C	T	0.324	0.322	0.992	1.02143	0.0025	4.215e-17	3	--------------+---+-++---+-+	35.8	27	0.03238	524857	3059006	773606.41	0.0212036	0.00250006	2.22782e-17	0	207889446	208118646	51
70	1	2	rs17677155	210065783	A	G	0.474	0.478	0.994	0.9858	0.0023	1.13e-9	20	----------+--++----+--++-+--	2.6	27	0.4258	524857	3059006	773606.41	-0.0143018	0.0023000300000000002	5.032e-10	0	209941783	210387783	14
71	1	2	rs10432525	212036651	C	T	0.305	0.301	0.99	1.01491	0.0026	2.118e-8	34	----+--++--+?-+-++-----+-+--	0	26	0.6647	489384	2967705	722512.02	0.0147999	0.00260003	1.25405e-8	0	211910837	212102637	5
72	1	2	rs72931605	212693775	C	T	0.162	0.155	0.929	1.02655	0.0033	1.292e-15	5	-------+---+-----+----------	0	27	0.764	524857	3059006	773606.41	0.0207504	0.00343459	1.52602e-9	-0.289508	212554775	212781575	233
72	2	2	rs13400161	212710934	G	A	0.304	0.309	0.919	0.97941	0.0027	8.008e-15	3	++?++++++++++++++--++-++++?-	13.6	25	0.266	491510	2885010	725815.04	-0.0160999	0.00281012	1.00884e-8	0	212554775	212781575	233
73	1	2	rs62199890	215406362	T	C	0.266	0.267	0.964	0.98432	0.0027	4.924e-9	4	--0+-----+---+--------?-----	24.2	26	0.128	517100	3034283	761797.53	-0.0158042	0.00270003	4.81786e-9	0	215271824	215527424	9
74	1	2	rs17315907	222879533	A	G	0.485	0.483	0.951	1.0142	0.0024	8.03e-9	14	+++++++++++-++-+++++++?-+-?+	0	25	0.9969	503753	2888287	737339.49	0.0141001	0.00240003	4.22902e-9	0	222865733	222969133	2
75	1	2	rs4674993	226332033	G	A	0.194	0.195	0.981	0.98128	0.003	4.399e-10	4	+++++++++++++-++++++++?++++-	0	26	0.5257	517100	3034283	761797.53	-0.0188974	0.00300004	2.99466e-10	0	226247233	226505033	11
76	1	2	rs283466	233667744	G	A	0.401	0.399	0.97	1.0199	0.0024	5.277e-16	3	+--+-------+-+----+---?----+	26.9	26	0.1001	517100	3034283	761797.53	0.0197046	0.00240005	2.21045e-16	0	233553701	233839701	111
77	1	2	rs1063353	241713646	G	A	0.347	0.345	0.979	1.01715	0.0025	8.052e-12	4	------+--+---+++++---+-+----	20.9	27	0.1625	524857	3059006	773606.41	0.0170046	0.00250004	1.03363e-11	0	241663046	241854646	16
78	1	3	rs11130572	5767413	T	C	0.195	0.193	0.93	1.01969	0.0032	6.876e-10	4	++?-++++++-++++++-++++?-++?+	0	24	0.716	483753	2860287	714006.15	0.0194987	0.00320004	1.10632e-9	0	5690813	5798213	25
79	1	3	rs748832	16851202	G	A	0.374	0.369	0.973	1.01603	0.0024	6.924e-11	14	------------+++--------+----	9.9	27	0.3156	524857	3059006	773606.41	0.0159029	0.00240003	3.44622e-11	0	16729555	17095555	19
80	1	3	rs6775319	18758501	A	T	0.279	0.279	0.985	0.98177	0.0026	3.168e-12	3	----+--------+----+------+--	22	27	0.1494	524857	3059006	773606.41	-0.0183982	0.00260004	1.48243e-12	0	18611235	18824035	61
81	1	3	rs2372435	43505963	A	G	0.115	0.113	0.971	1.02388	0.0037	2.475e-10	3	++++-+++++-++???+?++-++-+++?	23.6	22	0.1509	521850	3022756	768560.59	0.0235993	0.00370005	1.79287e-10	0	43250085	43795085	38
82	1	3	rs4498080	44574481	T	G	0.332	0.327	0.983	1.0199	0.0026	2.2379999999999998e-14	3	++?-++++++++++++++++-+++++?+	0	25	0.6953	491510	2885010	725815.04	0.0197046	0.00260005	3.49446e-14	0	44222317	45057481	148
83	1	3	rs9586	49213637	C	T	0.226	0.223	0.994	1.02901	0.0028	5.43e-24	27	---+-----+---???-?--+-?+-+-?	20.7	21	0.189	514093	2998033	756751.7	0.0285972	0.00280009	1.73493e-24	0	46949467	51911584	425
84	1	3	rs66824127	52551265	T	C	0.441	0.44	0.979	1.01806	0.0024	2.116e-13	3	++++-++-?++-+--++++++++++-++	20.9	26	0.1656	501433	2866786	731847.2	0.0178989	0.00240004	8.80171e-14	0	52214773	53174773	414
85	1	3	rs9877529	54424045	G	T	0.238	0.243	0.988	0.98098	0.0028	1.791e-11	3	++?+++++++-+-++++++---+++-?-	26.2	25	0.1105	491510	2885010	725815.04	-0.0192032	0.00280004	6.97425e-12	0	54382087	54485587	36
86	1	3	rs13320646	61160226	A	G	0.409	0.406	0.992	1.01643	0.0024	8.959e-12	7	+++++++-++++++-+-+++-+-++-+-	31	27	0.06193	524857	3059006	773606.41	0.0162965	0.00240003	1.12047e-11	0	61064414	61277714	47
87	1	3	rs585529	61850364	C	T	0.347	0.348	0.988	0.98551	0.0026	1.216e-8	3	+++++++++-++?+---+++-+++++++	0	26	0.6544	489384	2967705	722512.02	-0.014596	0.00260003	1.97947e-8	0	61738364	61907964	10
88	1	3	rs1105032	70330440	C	A	0.261	0.262	0.994	0.98442	0.0027	4.682e-9	47	+++--++++-+++--++-+++++-+-+-	23.8	27	0.1286	524857	3059006	773606.41	-0.0157026	0.00270003	6.03748e-9	0	70305940	70404740	3
89	1	3	rs72628627	71321319	A	G	0.137	0.134	0.98	1.02051	0.0035	4.877e-9	3	++-++++++---+???+?-+-++++-+?	18.8	22	0.2078	521850	3022756	768560.59	0.0193608	0.00350301	3.25934e-8	-0.0419693	71250119	71670083	31
89	2	3	rs62247168	71535682	C	A	0.318	0.324	0.971	0.98324	0.0025	2.627e-11	3	+++-++++++--+--+++++-+++++++	7.1	27	0.3571	524857	3059006	773606.41	-0.0163324	0.00250216	6.69463e-11	0	71250119	71670083	31
90	1	3	rs116310555	71814431	C	T	0.122	0.118	0.954	1.02809	0.0037	4.238e-14	3	----+----+----------+++----+	4.2	27	0.4012	524857	3059006	773606.41	0.0277027	0.00370007	7.04216e-14	0	71744631	71867131	39
91	1	3	rs11128505	76211681	C	A	0.482	0.489	0.981	0.98305	0.0024	7.424e-13	7	+++-++++++++++-+-+-++-?-+++-	35.1	26	0.03829	517100	3034283	761797.53	-0.0170953	0.00240004	1.0566e-12	0	76176481	76489681	12
92	1	3	rs35734493	77246944	G	T	0.247	0.249	0.99	0.98255	0.0027	1.048e-10	4	++++-+++++--+--+-+++++--++++	0	27	0.5012	524857	3059006	773606.41	-0.017604	0.00270003	7.03469e-11	0	77166244	77335544	59
93	1	3	rs326340	107905029	G	T	0.477	0.477	0.984	1.01339	0.0024	1.849e-8	3	---------+------++---------+	0	27	0.7409	524857	3059006	773606.41	0.0146339	0.00240819	1.22661e-9	-0.082348	107754967	108545684	15
93	2	3	rs6786808	108118841	T	G	0.497	0.494	0.996	1.01511	0.0024	3.052e-10	3	+++--++++-+-++-----++-+++-?+	31.8	26	0.05913	511510	2913010	749148.37	0.0162009	0.00240819	1.72719e-11	0	107754967	108545684	15
94	1	3	rs10934278	114599972	C	T	0.245	0.245	0.991	1.02081	0.0027	4.222e-14	3	---------+-+-+------+-+-----	40.7	27	0.01426	524857	3059006	773606.41	0.0205964	0.00270005	2.38124e-14	0	114401972	115231972	25
95	1	3	rs7619638	116002163	G	A	0.0778	0.0765	0.991	1.03035	0.0044	1.134e-11	12	---+--++-++--+?---+---------	24.2	26	0.1275	524490	3052884	772913.93	0.0298986	0.00440006	1.08282e-11	0	115827163	116314163	22
96	1	3	rs1463403	117623116	C	T	0.169	0.166	0.994	0.97756	0.0031	5.554e-13	12	+++++++++++-+--++--+-+++++++	0	27	0.8021	524857	3059006	773606.41	-0.018847	0.00316441	2.58619e-9	-0.2073	117333116	117959116	369
96	2	3	rs9876113	117834868	G	A	0.269	0.265	0.975	1.0202	0.0027	1.921e-13	3	---------++--+-+-+-+++---+?-	53.3	26	6.279e-4	511510	2913010	749148.37	0.0167048	0.00275611	1.35267e-9	0	117333116	117959116	369
97	1	3	rs6778767	132653099	A	G	0.46	0.455	0.994	1.01532	0.0023	8.815e-11	7	+++-+++++++++-+++++++--+++++	21.6	27	0.1542	524857	3059006	773606.41	0.0152038	0.0023000300000000002	3.83637e-11	0	132646269	132880169	100
98	1	3	rs10804685	142800392	G	A	0.242	0.24	0.994	1.01542	0.0027	2.481e-8	4	---+---+-+-+--++--+----+-+--	14.2	27	0.2518	524857	3059006	773606.41	0.0153023	0.00270003	1.44926e-8	0	142721843	142842743	4
99	1	3	rs893005	144245158	A	G	0.438	0.44	0.994	0.986	0.0024	2.773e-9	3	+---------------++---+-+----	0	27	0.6358	524857	3059006	773606.41	-0.0140989	0.00240003	4.24178e-9	0	144170058	144408158	20
100	1	3	rs76005739	152151665	T	G	0.1	0.104	0.987	0.97541	0.004	6.709e-10	3	------------?+--+--+--++----	0	26	0.5726	489384	2967705	722512.02	-0.0248974	0.00400005	4.83803e-10	0	151991665	152215465	71
101	1	3	rs3749293	157261335	G	A	0.216	0.215	0.949	1.01715	0.0029	6.396e-9	3	------------+-------++?----+	3.6	26	0.4108	517100	3034283	761797.53	0.0162664	0.00290126	2.06241e-8	-0.0291948	157172135	158413789	346
101	2	3	rs1610269	157884416	G	T	0.427	0.426	0.985	0.97883	0.0024	3.359e-19	3	+++++++++--++++-+++++++++++-	0	27	0.7469	524857	3059006	773606.41	-0.0210058	0.00240108	2.16228e-18	0	157172135	158413789	346
102	1	3	rs4323020	161722384	A	C	0.25	0.248	0.991	1.01694	0.0027	6.715e-10	6	++++-+++++++-++++++-+-+++++-	24.6	27	0.1197	524857	3059006	773606.41	0.0167981	0.00270003	4.92595e-10	0	161706484	161819784	3
103	1	3	rs1707652	165478799	T	C	0.358	0.359	0.996	1.01461	0.0024	2.873e-9	3	+++++++-+--++-+++--+-++-+++-	18.6	27	0.1921	524857	3059006	773606.41	0.0145043	0.00240003	1.50906e-9	0	165435686	165781486	43
104	1	3	rs686998	173119768	A	G	0.456	0.458	0.987	0.98275	0.0024	3.277e-13	10	----+----+++---+------?--+--	0	26	0.6529	517100	3034283	761797.53	-0.0174005	0.00240004	4.16506e-13	0	173022568	173130568	19
105	1	3	rs1421164	177636570	T	G	0.218	0.221	0.968	0.98295	0.0029	1.881e-9	4	+-------------+--+-------+--	0	27	0.4881	524857	3059006	773606.41	-0.017197	0.00290003	3.03058e-9	0	177606870	177744570	9
106	1	3	rs2054396	178262690	G	A	0.461	0.455	0.992	1.01278	0.0023	6.285e-8	3	----+----+---++-----+--+--+-	0	27	0.6744	524857	3059006	773606.41	0.012699	0.00230002	3.36586e-8	0	178174719	178518719	2
107	1	3	rs1516725	185824004	T	C	0.133	0.13	0.984	0.97677	0.0035	3.18e-11	14	---------++--+-+-----+---+--	0	27	0.5313	524857	3059006	773606.41	-0.0235041	0.00350005	1.87598e-11	0	184869156	185848204	29
108	1	3	rs1587583	190558711	A	T	0.37	0.37	0.987	1.0143	0.0026	4.025e-8	3	++-++++-?+++?+--+++++++++-++	12.9	25	0.2772	465960	2775485	680752.81	0.0141987	0.00260003	4.73508e-8	0	190514511	190576311	2
109	1	3	rs12630	193413502	C	T	0.48	0.479	0.987	0.98354	0.0023	1.65e-12	8	+++-+++++--++++-+++++++-++++	1.1	27	0.4477	524857	3059006	773606.41	-0.016597	0.00230004	5.35485e-13	0	193204749	193446549	73
110	1	4	rs2298969	3186244	G	A	0.491	0.491	0.984	0.98442	0.0024	9.942e-11	30	+++-++++?-+++--+--+++++++++-	0	26	0.5348	501433	2866786	731847.2	-0.0157026	0.00240003	6.04341e-11	0	2849845	3436845	22
111	1	4	rs4697244	21866646	T	C	0.396	0.402	0.987	0.9856	0.0024	2.481e-9	28	-------+----------+--+?+---+	31.4	26	0.06198	517100	3034283	761797.53	-0.0145047	0.00240003	1.50753e-9	0	21718646	21911546	10
112	1	4	rs11737313	28296275	G	A	0.325	0.316	0.927	1.01847	0.0028	4.82e-11	3	--+----+?-+-?+---+---+?--+?-	0	23	0.6634	444856	2604766	644485.89	0.0183015	0.00280005	6.31249e-11	0	28181275	28561275	130
113	1	4	rs9991690	42059511	A	G	0.21	0.21	0.993	0.98364	0.0029	2.264e-8	3	---+-------+-++-+---+--++-?+	55.8	26	2.453e-4	511510	2913010	749148.37	-0.0164953	0.00290003	1.28553e-8	0	41830277	42187277	13
114	1	4	rs12502993	47276305	G	T	0.362	0.354	0.973	1.01491	0.0025	3.124e-9	3	----+----+---+----+--+?+-+--	0.9	26	0.4496	517100	3034283	761797.53	0.0147999	0.00250003	3.22149e-9	0	47067305	47278305	36
115	1	4	rs6845545	62080215	G	A	0.188	0.186	0.998	1.01725	0.003	1.171e-8	50	+--+---+-++----+-+---+---+--	16.5	27	0.2195	524857	3059006	773606.41	0.0171029	0.00300003	1.19169e-8	0	61986915	62093215	5
116	1	4	rs62305486	67060118	C	T	0.289	0.287	0.975	1.01735	0.0026	6.959e-11	3	----+-----+---++----+-?-----	10.3	26	0.3122	517100	3034283	761797.53	0.0172012	0.00260004	3.69656e-11	0	67053768	67114618	3
117	1	4	rs7696466	80211399	A	G	0.479	0.485	0.987	0.97902	0.0023	1.71e-19	4	---------+--------+----+-+-+	0	27	0.8137	524857	3059006	773606.41	-0.0212032	0.00230006	3.01147e-20	0	80186399	80255299	20
118	1	4	rs6839192	90999769	C	T	0.383	0.385	0.989	0.9857	0.0024	2.848e-9	3	++--+++++-+-+--+--++++++++++	0	27	0.8884	524857	3059006	773606.41	-0.0144032	0.00240003	1.95783e-9	0	90849769	91103769	19
119	1	4	rs6820149	97634673	A	G	0.401	0.394	0.986	1.014	0.0024	7.699e-9	3	+++++++++-++++-+++++-++-++++	18.7	27	0.1896	524857	3059006	773606.41	0.0139029	0.00240002	6.9216e-9	0	97545830	97766530	5
120	1	4	rs11097573	98635524	T	C	0.473	0.469	0.985	1.01521	0.0024	1.732e-10	47	-+++-+++++-+++--++---++++++-	0	27	0.7711	524857	3059006	773606.41	0.0150955	0.00240003	3.18055e-10	0	98435227	99485752	160
121	1	4	rs2651569	101508622	T	C	0.468	0.463	0.97	1.0141	0.0024	4.986e-9	19	++++++++++-+++++++++++?-+-+-	0	26	0.9678	517100	3034283	761797.53	0.0140015	0.00240003	5.41481e-9	0	101346622	101662622	9
122	1	4	rs2850333	102279893	T	A	0.281	0.28	0.991	1.01582	0.0026	2.676e-9	3	----------+--+++------?+-++-	0	26	0.5857	517100	3034283	761797.53	0.0156962	0.00260003	1.5707e-9	0	102093437	102515437	18
123	1	4	rs35594431	115475653	G	T	0.14	0.136	0.969	1.02122	0.0035	2.056e-9	3	--------?----++---+--+-+----	9.5	26	0.324	501433	2866786	731847.2	0.020998	0.00350004	1.98097e-9	0	115319306	115631306	45
124	1	4	rs28375657	119034556	C	T	0.0838	0.0831	0.984	1.02891	0.0042	1.927e-11	3	+--+------++---------+---+--	11.9	27	0.2859	524857	3059006	773606.41	0.0285	0.00420006	1.15589e-11	0	118368833	119874833	115
125	1	4	rs45534736	123388893	G	C	0.0512	0.0516	0.99	0.96512	0.0053	2.404e-11	5	+++-++++++++++?++-+++++-+-++	0	26	0.9013	524490	3052884	772913.93	-0.0355028	0.00530007	2.10499e-11	0	122913893	123564084	22
126	1	4	rs2462867	138600529	A	G	0.176	0.178	0.966	0.9801	0.0032	1.763e-10	3	+-----+----------++---?-----	0	26	0.6502	517100	3034283	761797.53	-0.0201007	0.00320004	3.35568e-10	0	138556529	139005529	6
127	1	4	rs2048382	140929111	T	C	0.459	0.454	0.995	1.0203	0.0023	1.259e-17	15	+++-+++++-++++++++++--+-++++	0	27	0.7867	524857	3059006	773606.41	0.0200967	0.00230005	2.38329e-18	0	140805848	140972248	68
128	1	4	rs4975311	143500223	A	G	0.3	0.304	0.985	0.98452	0.0026	1.953e-9	3	---+-----+++---+++-+-+?--+--	30.1	26	0.07152	517100	3034283	761797.53	-0.0156011	0.00260003	1.96887e-9	0	143486923	144103223	2
129	1	4	rs4146926	164230788	G	C	0.277	0.273	0.991	1.01928	0.0027	1.629e-12	8	--+-----?+++-----+--+-++----	0	26	0.733	501433	2866786	731847.2	0.0190965	0.00270004	1.51988e-12	0	164180388	164252988	16
130	1	4	rs13147199	164565527	G	T	0.423	0.425	0.972	0.98403	0.0024	3.608e-11	9	+++++++++---+--+++-+++?+++?+	0	25	0.4686	503753	2888287	737339.49	-0.0160989	0.00240003	1.9760699999999998e-11	0	164473394	164570294	2
131	1	4	rs1027407	176718936	A	G	0.0597	0.0566	0.986	1.03035	0.005	2.397e-9	7	+++-+++-+-++++-++-+++-+++-++	14.2	27	0.2529	524857	3059006	773606.41	0.0298986	0.00500005	2.23608e-9	0	176698701	176900401	8
132	1	5	rs4866564	3416705	T	C	0.296	0.298	0.987	0.98462	0.0026	1.746e-9	3	----+----+++--++----+--+-+--	11.2	27	0.2961	524857	3059006	773606.41	-0.0154995	0.00260003	2.5027e-9	0	3394605	3454505	9
133	1	5	rs78765360	7418682	T	C	0.213	0.214	0.95	0.98118	0.0029	7.491e-11	3	--+-------+----+-+----++-+--	16.8	27	0.2161	524857	3059006	773606.41	-0.0189994	0.00290004	5.69893e-11	0	7256682	7444382	15
134	1	5	rs13154927	24192081	G	A	0.422	0.412	0.99	1.0145	0.0025	9.468e-9	5	--?---+-?--+--+--++-+-+---?-	21.8	24	0.1632	468086	2692790	684055.83	0.0143959	0.00250003	8.49673e-9	0	23730081	24265881	2
135	1	5	rs6897759	27058850	C	T	0.379	0.38	1	1.01715	0.0024	1.815e-12	53	---------+++++++--+-+-----+-	43.5	27	0.008191	524857	3059006	773606.41	0.0170046	0.00240004	1.38902e-12	0	26938974	27078084	4
136	1	5	rs1392446	30831387	C	T	0.453	0.455	0.993	0.98089	0.0024	3.675e-16	32	+++++++-++-++???+?+++-+++++-	17.3	23	0.2225	522913	3024677	769929.24	-0.019295	0.00240005	9.02673e-16	0	30593054	30880154	57
137	1	5	rs77732644	45266078	C	T	0.0276	0.0258	0.914	1.04342	0.0075	1.644e-8	12	--------+?----?--?-----?-?+-	39.9	22	0.02628	521969	3035949	769049.58	0.0425038	0.00750008	1.45221e-8	0	42666078	46406078	20
138	1	5	rs144727871	51693979	A	G	0.0325	0.0304	0.947	1.04331	0.0068	4.129e-10	3	+++++++-+?++++?++?++-++?++++	0	23	0.6731	522930	3037886	770235.08	0.0423984	0.00680008	4.5182e-10	0	49463979	51723279	10
139	1	5	rs76503453	53318932	G	C	0.0594	0.0608	0.978	1.02798	0.005	3.26e-8	3	----------+---?-+?+---+----+	10.2	25	0.316	524069	3043750	772109.02	0.0275957	0.00500005	3.40765e-8	0	53292332	53385532	5
140	1	5	rs7710965	61504546	G	A	0.479	0.481	0.989	0.97765	0.0023	6.344999999999998e-22	3	++++++++++++++-+++-++-+++++-	18.6	27	0.1917	524857	3059006	773606.41	-0.0226035	0.00230007	8.58689e-23	0	61358611	61988611	217
141	1	5	rs35813958	77077322	G	A	0.148	0.148	0.977	1.01959	0.0033	5.509e-9	3	--+------+----+--+-+++-+-+-+	37.6	27	0.02461	524857	3059006	773606.41	0.0194006	0.00330003	4.12982e-9	0	76957309	77172873	12
142	1	5	rs34262593	77666427	C	T	0.21	0.212	0.993	0.98423	0.0029	4.975e-8	3	+++++-++++++++-+++++--+++-?+	0	26	0.6134	511510	2913010	749148.37	-0.0158957	0.00290003	4.22391e-8	0	77624923	77804623	2
143	1	5	rs34316	88015545	A	C	0.433	0.43	0.978	1.01582	0.0025	6.485e-10	17	++?-++++-+++?++++--++-+-++?+	35.5	24	0.04194	456037	2793709	674720.65	0.0156962	0.00250003	3.42085e-10	0	87439486	88170486	17
144	1	5	rs10514370	92435481	T	G	0.367	0.369	0.98	0.98364	0.0024	1.678e-11	6	---------++-----+-+---+----+	5.8	27	0.377	524857	3059006	773606.41	-0.0164953	0.00240003	6.28901e-12	0	92131654	92632481	58
145	1	5	rs55736786	93094118	T	C	0.0829	0.0833	0.978	0.97434	0.0043	1.493e-9	3	----------+--++--------+-+--	0	27	0.8506	524857	3059006	773606.41	-0.025995	0.00430005	1.49151e-9	0	92683118	93602118	39
146	1	5	rs11242502	102956594	A	G	0.455	0.453	0.988	1.0141	0.0024	3.048e-9	5	+++-++++-+-++---++++-++++-++	0	27	0.9461	524857	3059006	773606.41	0.0140015	0.00240003	5.4148e-9	0	102930294	102987794	4
147	1	5	rs325500	104006667	A	G	0.408	0.407	0.986	1.0285	0.0024	1.257e-31	3	+++-++++++-++-++++-++++-+-++	45.9	27	0.004628	524857	3059006	773606.41	0.0281014	0.0024001	1.15423e-31	0	103672357	104282357	394
148	1	5	rs12515216	105187383	C	T	0.0885	0.0912	0.986	0.97609	0.0041	5.202e-9	3	-++++++++-+++++++-++---+++-+	32.8	27	0.04943	524857	3059006	773606.41	-0.0242005	0.00410004	3.5804e-9	0	105045383	105365383	26
149	1	5	rs35838063	106985611	C	G	0.126	0.129	0.907	0.97804	0.0037	1.176e-9	3	---+------+---++-+++---+----	21.4	27	0.156	524857	3059006	773606.41	-0.0222047	0.00370005	1.95869e-9	0	106909078	107092611	35
150	1	5	rs56406109	117412944	A	G	0.0829	0.0821	0.977	1.02378	0.0043	3.578e-8	3	+++++++----++++++++++++-+-++	0	27	0.7488	524857	3059006	773606.41	0.0235017	0.00430004	4.61704e-8	0	117347444	117691944	2
151	1	5	rs1375460	120065746	G	A	0.281	0.277	0.983	1.02276	0.0026	9.045e-18	14	---------+----+-------------	0	27	0.5392	524857	3059006	773606.41	0.0225049	0.00260006	4.90613e-18	0	119913621	120331621	224
152	1	5	rs6595426	122390961	G	A	0.353	0.349	0.974	1.01674	0.0025	3.006e-11	3	----+-------------+---?-----	14.6	26	0.2489	517100	3034283	761797.53	0.0166014	0.00250003	3.1269e-11	0	121944622	122418022	2
153	1	5	rs2408225	124262051	C	T	0.444	0.444	0.973	0.98098	0.0024	2.302e-15	8	+++++++++--++--+++++++--++?+	0	26	0.5079	511510	2913010	749148.37	-0.0192032	0.00240005	1.23243e-15	0	124203951	124335251	30
154	1	5	rs73314496	124981202	G	A	0.299	0.304	0.974	0.98413	0.0026	1.399e-9	3	++++-+++++++++--+-++++?-++?-	17	25	0.2198	503753	2888287	737339.49	-0.0159973	0.00260003	7.61587e-10	0	124856248	125061664	44
155	1	5	rs12519732	137757377	C	A	0.182	0.188	0.981	0.98196	0.0032	1.485e-8	3	++-----++-++?++++-+++-+-++?+	25.6	25	0.1163	476037	2821709	698053.98	-0.0182047	0.00320004	1.27857e-8	0	136968278	139216278	3
156	1	5	rs2531346	140126139	G	T	0.464	0.466	0.979	0.98285	0.0024	6.247e-13	3	-+-+-+++++--+++-+--+++?-++-+	54.4	26	4.133e-4	517100	3034283	761797.53	-0.0172988	0.00240004	5.68993e-13	0	139532604	140385604	252
157	1	5	rs34312636	143920644	T	C	0.216	0.218	0.999	0.97941	0.0028	2.837e-13	4	-----------+---++---++-+-+--	0	27	0.7339	524857	3059006	773606.41	-0.0208049	0.00280005	1.08435e-13	0	143487842	144604842	201
158	1	5	rs34692597	152552519	A	C	0.375	0.378	0.996	0.98147	0.0024	1.028e-14	3	------+---+---+------+-+----	28.3	27	0.08318	524857	3059006	773606.41	-0.0187038	0.00240004	6.53817e-15	0	152503619	152784519	122
159	1	5	rs2926865	153213263	C	T	0.166	0.171	0.992	0.97181	0.0031	1.001e-19	4	++++++++++++++--++++-+-+++++	9.3	27	0.3252	524857	3059006	773606.41	-0.028595	0.00310008	2.86346e-20	0	153052786	153549786	97
160	1	5	rs17052865	155224370	C	T	0.388	0.388	0.99	0.98482	0.0024	2.052e-10	3	++++-++++++++++-++-++++-+-++	6.3	27	0.3704	524857	3059006	773606.41	-0.0152964	0.00240003	1.84857e-10	0	154762777	155331848	51
161	1	5	rs72815568	161010597	G	A	0.0884	0.0893	0.986	1.0247	0.0042	7.12e-9	3	---+--+----+--++-+--++----?-	0	26	0.5454	511510	2913010	749148.37	0.0243999	0.00420005	6.2683e-9	0	160703597	161420597	11
162	1	5	rs10434704	164488849	T	C	0.462	0.468	0.984	0.97765	0.0024	1.674e-21	3	---+-----+-+-------+++---+--	24.5	27	0.121	524857	3059006	773606.41	-0.0226035	0.00240007	4.60399e-21	0	164308472	164792472	84
163	1	5	rs12652339	166877976	C	T	0.275	0.28	0.976	0.98246	0.0028	3.287e-10	3	-+?+-+++++++?+-----++-+-++?+	22.2	24	0.1581	456037	2793709	674720.65	-0.0159736	0.00280547	1.24285e-8	-0.0653826	166866376	167055895	41
163	2	5	rs2336895	166990695	G	A	0.362	0.355	0.988	1.02593	0.0025	2.756e-25	3	-------------+------0----+--	21.9	27	0.15	524857	3059006	773606.41	0.0247121	0.00250494	5.88147e-23	0	166866376	167055895	41
164	1	5	rs35325704	167166468	G	C	0.152	0.151	0.927	1.0245	0.0034	1.454e-12	3	--------++-+------+-++?--+?-	24.9	25	0.1236	503753	2888287	737339.49	0.0242047	0.00340006	1.08784e-12	0	167124568	167259568	47
165	1	5	rs7711765	170832637	T	C	0.375	0.378	0.978	0.98364	0.0024	1.24e-11	8	--+----+-+-----+-+--+-------	27.6	27	0.08975	524857	3059006	773606.41	-0.0164953	0.00240003	6.28905e-12	0	170748742	170887742	34
166	1	6	rs713513	5419000	T	G	0.509	0.502	0.997	1.01298	0.0023	3.888e-8	41	+++++++++++-+++++-+++++++-++	0.5	27	0.4562	524857	3059006	773606.41	0.0128965	0.00230002	2.05718e-8	0	5380400	5457400	2
167	1	6	rs4980365	17028673	T	G	0.252	0.259	0.967	0.97609	0.0028	7.374e-18	3	---+----?----++--++-++?+-+--	25.9	25	0.1131	493676	2842063	720038.32	-0.0242005	0.00280007	5.48438e-18	0	16921673	17046773	36
168	1	6	rs7750346	19327938	T	G	0.0892	0.0876	0.982	1.02552	0.0041	1.023e-9	14	+++-+++++++-+---++++--++++++	0	27	0.5229	524857	3059006	773606.41	0.0251998	0.00410005	7.93495e-10	0	19210938	19378938	22
169	1	6	rs9350181	19777376	T	C	0.262	0.263	0.989	0.98462	0.0027	7.003e-9	3	+--+-----+-+-++------+------	0	27	0.5366	524857	3059006	773606.41	-0.0154995	0.00270003	9.43994e-9	0	19701879	19824979	9
170	1	6	rs1311911	28705074	T	G	0.0933	0.0943	0.999	0.9519	0.0044	1.6150000000000002e-28	1	---+---+--+--?????-----+---?	56.3	21	6.801e-4	510192	2980221	750260.38	-0.0642427	0.00488335	1.5834e-39	0.464203	25715074	31705074	2457
170	2	6	rs2747467	29659124	G	A	0.311	0.309	0.988	1.00391	0.0026	0.144	3	-+-------+--+???-?---+++--+?	19.3	22	0.2018	521850	3022756	768560.59	0.0203652	0.00288548	1.69165e-12	0	25715074	31705074	2457
171	1	6	rs1100098	40026044	G	A	0.26	0.265	0.993	0.98089	0.0027	5.555e-13	3	+++-+++-+-+-++-+++-+++++++++	0	27	0.7635	524857	3059006	773606.41	-0.019295	0.00270004	8.92258e-13	0	39911044	40118344	52
172	1	6	rs2817412	50807358	T	C	0.11	0.109	0.99	1.02942	0.0038	3.558e-14	11	+++-+++-+++++++++++++-+++-?+	0	26	0.5821	511510	2913010	749148.37	0.0289955	0.00380007	2.3429e-14	0	50406358	51097358	142
173	1	6	rs386409	64621869	C	T	0.272	0.271	0.992	0.98501	0.0026	1.079e-8	3	+++-+++-++-+++-+-++++++-++++	0	27	0.6225	524857	3059006	773606.41	-0.0151035	0.00260003	6.28544e-9	0	64616133	65243133	373
174	1	6	rs9354308	66565353	G	A	0.367	0.366	0.987	1.01461	0.0024	2.695e-9	26	---+---+-++----------+---+--	33.7	27	0.04355	524857	3059006	773606.41	0.0145043	0.00240003	1.50907e-9	0	66218353	67008353	25
175	1	6	rs2748956	76465003	G	C	0.17	0.165	0.985	1.01826	0.0032	2.016e-8	3	----+-----+------+-++--+--?+	0	26	0.6362	511510	2913010	749148.37	0.0180953	0.00320003	1.56096e-8	0	76165003	76615003	6
176	1	6	rs660217	94119750	G	A	0.463	0.457	0.981	1.014	0.0024	7.461e-9	3	----------+--+++---+-+?+-+-+	8.7	26	0.3359	517100	3034283	761797.53	0.0139029	0.00240003	6.9217e-9	0	94033891	94328191	9
177	1	6	rs9375946	99596909	T	C	0.419	0.417	0.985	1.01633	0.0024	1.223e-11	4	+++-++++++++++++++-++++-++++	0	27	0.7876	524857	3059006	773606.41	0.0161981	0.00240003	1.48753e-11	0	99394909	99648209	3
178	1	6	rs9389578	100112101	T	C	0.22	0.22	0.994	1.01694	0.0028	3.649e-9	20	+++++++++++++-+++-++-+?++++-	7.4	26	0.3548	517100	3034283	761797.53	0.0167981	0.00280003	1.98222e-9	0	99874753	100247753	17
179	1	6	rs6940893	100679643	T	G	0.43	0.434	0.982	0.98541	0.0025	3.595e-9	3	--?+------+------+-++-?+-+?+	8.3	24	0.3443	483753	2860287	714006.15	-0.0150899	0.00250043	1.59038e-9	0.0194232	100642672	101850914	390
179	2	6	rs12212736	101151410	T	C	0.478	0.475	0.994	1.02	0.0023	3.833e-17	3	+++++++++++++++-+-++-++++-++	17.5	27	0.2056	524857	3059006	773606.41	0.0200526	0.00230042	2.85927e-18	0	100642672	101850914	390
180	1	6	rs4946651	105369510	A	G	0.453	0.452	0.989	0.98531	0.0024	1.434e-9	16	+-?----+--+--+--+-----+--+?+	23.2	25	0.1424	491510	2885010	725815.04	-0.014799	0.00240003	6.99614e-10	0	105132510	105491510	26
181	1	6	rs13210963	117823289	T	C	0.25	0.245	0.989	1.01572	0.0027	1.298e-8	7	++++++-++-++++++-++++--++-++	28.4	27	0.08286	524857	3059006	773606.41	0.0155977	0.00270003	7.61038e-9	0	117678289	118070289	14
182	1	6	rs728017	124292594	A	G	0.394	0.391	0.977	0.986	0.0024	7.408e-9	25	---+-------+--+----+--?---+-	28.3	26	0.08713	517100	3034283	761797.53	-0.0140989	0.00240003	4.24173e-9	0	124202494	124296884	2
183	1	6	rs11154541	130583306	T	C	0.24	0.244	0.996	0.98285	0.0027	2.943e-10	3	----------++-+++----++---+--	0	27	0.5056	524857	3059006	773606.41	-0.0172988	0.00270003	1.48524e-10	0	130543650	130772350	88
184	1	6	rs1396898	142990718	G	A	0.466	0.464	0.992	1.01684	0.0024	1.882e-12	37	---------+----+--+---+---+--	0	27	0.9567	524857	3059006	773606.41	0.0166998	0.00240004	3.44789e-12	0	142868461	143083961	26
185	1	6	rs4895718	147973296	C	T	0.34	0.339	0.991	1.01674	0.0025	2.682e-11	3	----+--------+-+--+------+--	0	27	0.6639	524857	3059006	773606.41	0.0166014	0.00250003	3.12688e-11	0	147893496	148017696	25
186	1	6	rs6911230	152263360	A	G	0.343	0.337	0.991	1.02716	0.0025	4.728e-27	3	+++-++++++-+++++++++-+-++-+-	28.6	27	0.08103	524857	3059006	773606.41	0.0267977	0.00250009	8.31723e-27	0	152129047	152307660	61
187	1	6	rs693903	157155257	T	C	0.174	0.177	0.978	0.98275	0.0031	2.115e-8	9	---------++---+------+-+---+	0	27	0.7293	524857	3059006	773606.41	-0.0174005	0.00310003	1.98837e-8	0	157092557	157245657	10
188	1	6	rs9356054	163048872	A	C	0.228	0.225	0.989	1.01715	0.0028	1.46e-9	3	+++++++-+----+++++-+--+-++++	0	27	0.926	524857	3059006	773606.41	0.0170046	0.00280003	1.2554e-9	0	162932872	163281872	63
189	1	6	rs794120	164709971	G	A	0.0536	0.0536	0.97	1.03221	0.0057	3.311e-8	14	----+---------?+----++-+---+	0	26	0.7763	524490	3052884	772913.93	0.0334272	0.00570701	4.70704e-9	-0.0523188	164690463	164962701	5
189	2	6	rs77970296	164913801	G	C	0.109	0.108	0.928	1.02306	0.0039	7.561e-9	4	--+---------------+---?---?-	0	25	0.5567	503753	2888287	737339.49	0.0239264	0.0039048	8.93109e-10	0	164690463	164962701	5
190	1	6	rs76784355	165081297	A	G	0.227	0.225	0.991	1.02143	0.0028	3.193e-14	3	++++++++++++++++-+-++--+++++	30.9	27	0.06246	524857	3059006	773606.41	0.0212036	0.00280005	3.65881e-14	0	165032197	165319297	141
191	1	7	rs10267593	1937261	A	G	0.187	0.193	0.986	0.96967	0.003	1.96e-24	13	+--+------+--+------++---+-+	39.7	27	0.01717	524857	3059006	773606.41	-0.0307995	0.0030001	1.00114e-24	0	1809261	2247261	81
192	1	7	rs798549	2760750	C	A	0.275	0.27	0.979	1.01572	0.0027	5.408e-9	7	---++-----+--+-+-+--+----+-+	1.7	27	0.4386	524857	3059006	773606.41	0.0155977	0.00270003	7.61055e-9	0	2742050	2915750	3
193	1	7	rs73293551	3550676	T	A	0.244	0.248	0.984	0.97648	0.0027	4.437e-18	3	++++-++++-+-+++++++++++-++++	28	27	0.08635	524857	3059006	773606.41	-0.0231194	0.00270239	1.17708e-17	-0.0421891	3307414	4185003	366
193	2	7	rs598632	4166627	T	C	0.125	0.124	0.976	1.02347	0.0036	1.813e-10	9	++++++++++++++++++-++-?++-?-	0	25	0.7825	503753	2888287	737339.49	0.0219208	0.00360315	1.1738e-9	0	3307414	4185003	366
194	1	7	rs2347784	6524843	G	C	0.266	0.269	0.953	0.98472	0.0027	1.438e-8	3	++-++++++-++++++-+++-+?++-++	0	26	0.839	517100	3034283	761797.53	-0.0153979	0.00270003	1.17809e-8	0	6497543	6545643	2
195	1	7	rs62439671	6692096	T	C	0.0362	0.0381	0.984	0.95945	0.0063	5.979e-11	9	--+------?-+-???+?+-+--?-+--	9	21	0.3395	521861	3019131	768191.91	-0.0413951	0.00630009	5.01268e-11	0	6639196	6888096	61
196	1	7	rs2189456	8661304	G	C	0.282	0.279	0.93	1.01928	0.0026	6.033e-13	3	+------------++------+---+-+	0	27	0.9148	524857	3059006	773606.41	0.0190965	0.00260004	2.06241e-13	0	8578871	8718043	174
197	1	7	rs13237518	12269593	A	C	0.415	0.41	0.993	1.02685	0.0025	1.492e-25	3	++?-+++-+-++?-+++-+++++-++?-	23.6	24	0.1424	456037	2793709	674720.65	0.0264959	0.0025001	3.04575e-26	0	12054146	12561446	229
198	1	7	rs12673975	21527320	G	A	0.369	0.364	0.99	1.01735	0.0024	1.746e-12	3	---+--++-+--+-++---+-------+	40.9	27	0.01384	524857	3059006	773606.41	0.0172012	0.00240004	7.66273e-13	0	21429920	21640320	8
199	1	7	rs757132	21907991	G	A	0.271	0.267	0.989	1.01694	0.0027	8.485e-10	7	---+--+-+-----+-+-+--+?---?-	10.2	25	0.315	503753	2888287	737339.49	0.0167981	0.00270003	4.92606e-10	0	21884456	21951056	8
200	1	7	rs2722396	24428217	T	C	0.486	0.479	0.983	1.0139	0.0023	3.417e-9	34	+++++++-++++++--+-++--+-++-+	13	27	0.27	524857	3059006	773606.41	0.0138043	0.00230002	1.95135e-9	0	24390424	24889291	13
201	1	7	rs6953643	29836717	C	T	0.334	0.333	0.983	1.01542	0.0025	1.12e-9	30	----+----+-+----------?+----	0	26	0.9179	517100	3034283	761797.53	0.0153023	0.00250003	9.30779e-10	0	29771617	29915164	13
202	1	7	rs6977427	32830253	A	G	0.358	0.358	0.991	0.98452	0.0024	1.738e-10	3	+--+------+-------++-----+--	19.1	27	0.185	524857	3059006	773606.41	-0.0156011	0.00240003	8.01188e-11	0	32459130	33003130	66
203	1	7	rs2051870	41273415	A	G	0.494	0.499	0.99	0.98649	0.0024	2.565e-8	4	--+-+----+--?+--++-+-+?+----	0	25	0.5284	481627	2942982	710703.13	-0.0136021	0.00240002	1.4491e-8	0	41139415	41313015	2
204	1	7	rs7809663	48653581	C	T	0.359	0.362	0.974	0.98491	0.0025	2.617e-9	3	+++--+++?++++-+++++--+?+++++	21.9	25	0.1582	493676	2842063	720038.32	-0.015205	0.00250003	1.18746e-9	0	48512581	48702381	5
205	1	7	rs7799773	53795785	C	T	0.151	0.151	0.983	1.01918	0.0033	1.404e-8	5	---+---+-+---+-++---------?+	14.7	26	0.2476	511510	2913010	749148.37	0.0189984	0.00330003	8.56057e-9	0	53382695	54064695	14
206	1	7	rs57389877	68412422	A	G	0.438	0.436	0.981	1.01562	0.0024	7.666e-11	3	+++++++++++++-+++-++-+--++++	0	27	0.9078	524857	3059006	773606.41	0.0154993	0.00240003	1.06126e-10	0	68244196	68419096	78
207	1	7	rs6942750	70209943	T	C	0.0683	0.0689	0.962	0.96928	0.0049	1.269e-10	3	--?----+-++---------------?+	41.6	25	0.01466	491510	2885010	725815.04	-0.0312018	0.00490007	1.91977e-10	0	70135343	70262943	24
208	1	7	rs2107880	71369043	G	T	0.256	0.255	0.983	0.98511	0.0027	2.939e-8	3	++++++++-++++-+-+-+++++-++++	0	27	0.8612	524857	3059006	773606.41	-0.015002	0.00270003	2.75642e-8	0	71245043	71386843	5
209	1	7	rs56058519	73980861	A	G	0.181	0.18	0.887	1.02132	0.0032	6.512e-11	3	+++?+++++++++???+?+++-?++++?	0	20	0.653	513163	2992303	755151.43	0.0210959	0.00320005	4.32854e-11	0	73824498	73983396	8
210	1	7	rs6464990	75769798	A	G	0.3	0.302	0.965	0.98472	0.0026	2.894e-9	3	---+-----++--???-?-----+---?	0	22	0.6204	521850	3022756	768560.59	-0.0153979	0.00260003	3.17656e-9	0	75595223	75910223	130
211	1	7	rs10260232	78120735	C	T	0.479	0.478	0.992	0.98442	0.0024	4.75e-11	9	-++++++++++++--++++++-+-+-?+	14.7	26	0.2478	511510	2913010	749148.37	-0.0157026	0.00240003	6.0434e-11	0	78094635	78176635	7
212	1	7	rs2522832	82450364	G	A	0.471	0.468	0.997	1.01888	0.0023	1.412e-15	14	---------++---+--------+----	4.7	27	0.3942	524857	3059006	773606.41	0.018704	0.00230005	4.22214e-16	0	82376964	82737364	126
213	1	7	rs2470938	104581402	A	C	0.399	0.396	0.991	1.01847	0.0024	6.099e-14	3	+++-++++++-++++++-+++-++++?+	22.5	26	0.1463	511510	2913010	749148.37	0.0183015	0.00240004	2.43113e-14	0	104514302	105073402	27
214	1	7	rs3763457	108213926	G	A	0.327	0.328	0.992	0.98138	0.0026	1.301e-12	4	++++++-+?-++?-+-+-+++-+++-++	4	25	0.4052	465960	2775485	680752.81	-0.0187955	0.00260005	4.86877e-13	0	107929926	108398926	54
215	1	7	rs57156345	109144544	C	T	0.437	0.435	0.992	0.98442	0.0024	4.044e-11	3	+++--++++-++++--+--++++++-++	15.7	27	0.2306	524857	3059006	773606.41	-0.0157026	0.00240003	6.04335e-11	0	108822544	109229344	24
216	1	7	rs11769471	110061931	A	G	0.47	0.468	0.995	1.01776	0.0023	7.084e-14	3	+++++++++++++++++++-+++++-++	1.7	27	0.4392	524857	3059006	773606.41	0.0176041	0.00230004	1.95089e-14	0	109924549	110294186	114
217	1	7	rs2613596	111230244	C	T	0.458	0.455	0.977	0.98177	0.0024	8.204e-15	19	++--++++-+++++-+++-+--?-+-+-	27.9	26	0.09081	517100	3034283	761797.53	-0.0172124	0.00240774	8.75569e-13	-0.0821339	110542244	111402244	73
217	2	7	rs55825265	111392456	T	C	0.0499	0.0487	0.988	1.03717	0.0054	1.555e-11	4	+++--++++++++++++-+++++++-++	0	27	0.9294	524857	3059006	773606.41	0.0334025	0.00541738	7.01325e-10	0	110542244	111402244	73
218	1	7	rs2894699	114059156	T	C	0.432	0.443	0.973	0.98118	0.0024	5.341e-15	18	+---------+---++-++------+?-	0	26	0.512	511510	2913010	749148.37	-0.0189994	0.00240005	2.44765e-15	0	113984756	114336156	30
219	1	7	rs10233079	114946569	G	T	0.164	0.157	0.985	1.02624	0.0033	1.788e-15	17	---+---+--+-------+--+++----	0	27	0.6866	524857	3059006	773606.41	0.0259016	0.00330007	4.19993e-15	0	114932164	115169164	31
220	1	7	rs10282032	117628555	T	C	0.439	0.432	0.99	1.01623	0.0024	1.862e-11	7	+++-+++++-+++--++-+-++?++++-	22.2	26	0.1505	517100	3034283	761797.53	0.0160997	0.00240003	1.97157e-11	0	117482555	118225557	262
221	1	7	rs886497	121982909	G	T	0.157	0.155	0.977	1.01979	0.0032	1.272e-9	9	---+-------+-----++-+--+-+--	0	27	0.512	524857	3059006	773606.41	0.0195967	0.00320004	9.1312e-10	0	121945609	122018609	35
222	1	7	rs6974018	126368826	G	A	0.4	0.4	0.995	0.98679	0.0024	3.009e-8	3	++++++--+-++++-+++++--+++-+-	0	27	0.9612	524857	3059006	773606.41	-0.013298	0.00240002	3.01125e-8	0	126001962	126528962	9
223	1	7	rs11982852	132568255	T	C	0.243	0.239	0.985	1.01521	0.0027	3.885e-8	27	+++++++++--+-++-+--+++++-+++	49.9	27	0.001571	524857	3059006	773606.41	0.0150955	0.00270002	2.25929e-8	0	132475471	132804871	15
224	1	7	rs2551774	135119417	A	G	0.401	0.398	0.963	1.01847	0.0024	3.225e-14	40	+++-+++++++++-+++++++-+++++-	0	27	0.4965	524857	3059006	773606.41	0.0183015	0.00240004	2.43114e-14	0	135036417	135363417	20
225	1	7	rs801090	140651989	A	G	0.164	0.166	0.992	0.97961	0.0032	1.306e-10	3	--++-----+----+--+--+-?-----	5.5	26	0.3834	517100	3034283	761797.53	-0.0206007	0.00320004	1.2135e-10	0	140245096	140805996	6
226	1	7	rs73744839	157505749	T	G	0.329	0.33	0.95	1.01491	0.0026	6.9e-9	3	+++---+-+++++++-+++---?+++++	2.9	26	0.4217	517100	3034283	761797.53	0.0147999	0.00260003	1.25407e-8	0	157496629	157536449	8
227	1	8	rs56321646	4792627	T	C	0.346	0.35	0.993	0.98629	0.0025	2.29e-8	3	---+---+--+---------+--+---+	14.1	27	0.2532	524857	3059006	773606.41	-0.0138048	0.00250002	3.35416e-8	0	4776127	4860527	3
228	1	8	rs10503484	13961133	T	G	0.458	0.454	0.972	0.98787	0.0024	3.671e-7	40	----+----+-+--+-----+-?+----	0	26	0.5712	517100	3034283	761797.53	-0.0139077	0.00240759	7.6212e-9	-0.0802349	13948504	14394081	203
228	2	8	rs28897173	14218081	C	T	0.286	0.29	0.983	0.97814	0.0026	2.172e-17	3	++-++++++-+++-++-++++++++-+-	0	27	0.7086	524857	3059006	773606.41	-0.0232961	0.00260826	4.19597e-19	0	13948504	14394081	203
229	1	8	rs2256035	14628926	A	G	0.392	0.392	0.992	0.986	0.0024	4.915e-9	9	-------------+---+--+-+----+	0	27	0.5239	524857	3059006	773606.41	-0.0140989	0.00240003	4.24173e-9	0	14513926	14697126	5
230	1	8	rs58862799	14987444	C	T	0.21	0.208	0.984	1.02	0.0029	1.236e-11	3	--+----------++-++--+-?--+--	36.2	26	0.03263	517100	3034283	761797.53	0.0198026	0.00290004	8.58763e-12	0	14961874	15088574	33
231	1	8	rs7838033	34406508	A	G	0.218	0.219	0.988	0.97951	0.003	6.09e-12	3	--------?-+-?+-+-+---+------	0	25	0.8699	465960	2775485	680752.81	-0.0207028	0.00300005	5.17031e-12	0	34094573	34683573	246
232	1	8	rs7837189	38147840	T	C	0.221	0.221	0.995	0.98423	0.0028	1.818e-8	3	--+------+----------+-+----+	18.5	27	0.1933	524857	3059006	773606.41	-0.0158957	0.00280003	1.37093e-8	0	38014411	38351511	38
233	1	8	rs4873573	52601751	C	T	0.307	0.303	0.987	1.0145	0.0026	4.765e-8	8	--?-+--------++-+------+--?+	40.6	25	0.01752	491510	2885010	725815.04	0.0143959	0.00260003	3.07993e-8	0	52442758	52928758	2
234	1	8	rs76615912	60516403	A	G	0.0603	0.0621	0.962	0.9719	0.005	1.189e-8	5	---+------+---?--+-------+--	0	26	0.624	524490	3052884	772913.93	-0.0285024	0.00500005	1.19512e-8	0	60476103	61045731	26
235	1	8	rs12542688	61791292	T	A	0.337	0.34	0.98	0.9857	0.0025	1.599e-8	3	+++--++++--++-++++-+++-++-?+	23.3	26	0.1376	511510	2913010	749148.37	-0.0144032	0.00250003	8.35078e-9	0	61579482	61806182	3
236	1	8	rs77665153	64040337	T	C	0.019	0.0201	0.856	0.95085	0.0091	2.592e-8	3	---+-----?++-???+?---+-?-?-+	46.5	20	0.0105	521102	3017967	767306.27	-0.0553721	0.00912522	1.29489e-9	0.0758166	63385337	65260337	59
236	2	8	rs1915792	64703342	T	C	0.481	0.479	0.982	1.01745	0.0025	8.702e-12	3	++?++++-+-++?++++-++++?-+-?-	18.8	23	0.2041	448280	2768986	662911.76	0.0184274	0.00250694	1.97417e-13	0	63385337	65260337	59
237	1	8	rs7008736	65543401	G	C	0.302	0.303	0.984	0.97883	0.0026	6.134e-17	15	+++-+++++-++++--++-++-+++-+-	0	27	0.9505	524857	3059006	773606.41	-0.0213973	0.00260006	1.87915e-16	0	65369401	65888460	67
238	1	8	rs11992983	73884908	G	A	0.449	0.451	0.973	0.98649	0.0024	1.455e-8	3	+++++++-+++-+-++++-++-?++++-	0	26	0.778	517100	3034283	761797.53	-0.0136021	0.00240002	1.44909e-8	0	73874020	73983020	10
239	1	8	rs7842138	77632017	G	A	0.16	0.158	0.991	1.01847	0.0032	1.424e-8	11	----+--------+-+++---------+	0	27	0.7959	524857	3059006	773606.41	0.0183015	0.00320003	1.0705e-8	0	77519017	77768017	39
240	1	8	rs6471293	92679930	G	A	0.452	0.456	0.996	0.98226	0.0024	7.49e-14	3	++++-+-++--++--++++++-++++?-	3.8	26	0.4082	511510	2913010	749148.37	-0.0178992	0.00240004	8.79343e-14	0	92348716	92838716	71
241	1	8	rs78820563	94624123	A	G	0.329	0.333	0.986	0.98452	0.0025	5.375e-10	3	-------+-+----------++-+----	0	27	0.6417	524857	3059006	773606.41	-0.0156011	0.00250003	4.36551e-10	0	94366123	94907123	29
242	1	8	rs144336753	143356114	A	G	0.0161	0.017	0.949	0.94658	0.0095	7.406e-9	3	---?-----?+--???-?-+??+?-?-+	5.8	17	0.386	517871	3005124	762505.44	-0.0548998	0.00950011	7.52076e-9	0	143285314	143551114	9
243	1	9	rs1858535	2969728	C	T	0.386	0.391	0.992	0.98206	0.0024	1.268e-13	3	+++++++++-++++++--+++++-++?+	3.4	26	0.4141	511510	2913010	749148.37	-0.0181029	0.00240004	4.60188e-14	0	2918628	3004128	13
244	1	9	rs10977099	8436261	A	T	0.0548	0.0526	0.992	1.03138	0.0052	2.457e-9	3	+++++++++---+-?+++++-+--++++	37.6	26	0.02637	524490	3052884	772913.93	0.0308977	0.00520005	2.81905e-9	0	8262261	8456261	2
245	1	9	rs10809112	10527874	A	G	0.202	0.203	0.981	1.01664	0.0029	1.944e-8	4	++-+++-+-++++-+-++++-+--++++	23.7	27	0.1288	524857	3059006	773606.41	0.0165031	0.00290003	1.26543e-8	0	10501919	10612019	12
246	1	9	rs1335472	11410397	C	T	0.385	0.391	0.988	0.98	0.0024	1.084e-16	6	++-++++++-++++--++-+-++-+-++	7.3	27	0.3551	524857	3059006	773606.41	-0.0202027	0.00240005	3.84251e-17	0	10889215	11979179	546
247	1	9	rs489504	13715063	G	A	0.329	0.325	0.987	1.01613	0.0025	2.502e-10	11	------+-+-+------++--+?----+	21.6	26	0.1569	517100	3034283	761797.53	0.0160013	0.00250003	1.5493e-10	0	13608893	13736993	38
248	1	9	rs7875010	14066897	T	C	0.306	0.307	0.974	0.98295	0.0026	4.018e-11	4	---------++--+----+-+-?+----	2.6	26	0.4257	517100	3034283	761797.53	-0.017197	0.00260004	3.73723e-11	0	14058397	14163697	7
249	1	9	rs1343572	14620925	G	C	0.299	0.297	0.992	0.98314	0.0026	3.4e-11	3	+++++++++++++-++++-++-+++++-	0	27	0.5463	524857	3059006	773606.41	-0.0170037	0.00260003	6.16026e-11	0	14577678	14712478	26
250	1	9	rs10119773	23736400	A	G	0.466	0.472	0.948	0.98275	0.0026	3.215e-11	17	----------------+--+-+?+-+--	28.3	26	0.08653	517100	3034283	761797.53	-0.0174005	0.00260004	2.19559e-11	0	23678900	23848000	27
251	1	9	rs72702181	24190705	G	A	0.0444	0.0432	0.966	1.03427	0.0057	4.239e-9	12	------+------+?--?-++++--+-+	14.3	25	0.2572	524069	3043750	772109.02	0.0336959	0.00570006	3.39007e-9	0	24093505	24464705	6
252	1	9	rs67775442	26722558	A	G	0.162	0.166	0.978	0.98	0.0032	2.863e-10	5	---++------+------+--+-+-+--	0	27	0.4671	524857	3059006	773606.41	-0.0202027	0.00320004	2.7321e-10	0	26636448	26751548	8
253	1	9	rs2778429	27878045	C	A	0.341	0.34	0.973	0.98393	0.0027	1.326e-9	3	++?-+++++-+-?--++---+++++-?+	0	24	0.9196	456037	2793709	674720.65	-0.0162005	0.00270004	1.97188e-9	0	27840845	27957045	11
254	1	9	rs10970237	31246469	G	A	0.337	0.339	0.967	0.98079	0.0025	8.27e-15	3	+++-+++++++++++++++++++-++++	0	27	0.6209	524857	3059006	773606.41	-0.0193969	0.00250005	8.58631e-15	0	31118469	31321569	83
255	1	9	rs56025234	32363542	T	G	0.203	0.207	0.986	0.98324	0.0029	9.154e-9	3	---+-----+-+--+---+-+--+----	0	27	0.4747	524857	3059006	773606.41	-0.016902	0.00290003	5.60233e-9	0	32347724	32563944	9
256	1	9	rs60309871	37015805	T	G	0.384	0.378	0.985	1.02409	0.0024	2.591e-22	3	+++++++++--++++++-++++-+++++	3.1	27	0.4183	524857	3059006	773606.41	0.0178507	0.00259399	5.91941e-12	-0.391193	36951443	37622757	204
256	2	9	rs7034554	37081301	G	A	0.354	0.36	0.979	0.97687	0.0025	1.111e-20	14	+++-+++++--+++---++++-+++-?+	16.4	26	0.2249	511510	2913010	749148.37	-0.0163475	0.00270206	1.44831e-9	0	36951443	37622757	204
257	1	9	rs7040272	81349209	C	G	0.286	0.288	0.987	0.9859	0.0026	6.249e-8	3	---+----------++++---------+	0	27	0.9275	524857	3059006	773606.41	-0.0142003	0.00260002	4.71852e-8	0	81243910	81425510	2
258	1	9	rs1411054	82820997	T	C	0.167	0.163	0.993	1.01776	0.0031	2.45e-8	4	+++-+++++-+++--++--++++++++-	6.9	27	0.3607	524857	3059006	773606.41	0.0176041	0.00310003	1.35731e-8	0	82683997	82920797	8
259	1	9	rs7023933	96225478	T	A	0.168	0.166	0.983	1.02747	0.0033	8.036e-17	3	--?----+-+-----+--+----+--?-	0	25	0.7606	491510	2885010	725815.04	0.0270995	0.00330008	2.1793e-16	0	96123478	96500478	231
260	1	9	rs1355620	98270168	G	A	0.339	0.333	0.965	1.02	0.0025	3.735e-15	3	--++---+-------------+?----+	15.6	26	0.236	517100	3034283	761797.53	0.0198026	0.00250005	2.35826e-15	0	98189168	98329368	105
261	1	9	rs10819661	102157276	T	C	0.315	0.317	0.988	0.98432	0.0025	5.039e-10	3	+-----++------++--+------+-+	18.2	27	0.1962	524857	3059006	773606.41	-0.0158042	0.00250003	2.58862e-10	0	102018103	102271703	39
262	1	9	rs117723312	108904396	G	C	0.0192	0.0192	0.917	1.05253	0.0091	2.028e-8	3	--+?--+--?+--???-?--?--?-?-?	61.2	17	3.699e-4	518290	3005917	762953.92	0.0511968	0.0091001	1.84478e-8	0	108619396	109115396	4
263	1	9	rs7860564	114952087	G	C	0.219	0.217	0.976	0.98295	0.0029	3.398e-9	3	+++-+++++-+++-+-+++++-?-++++	0	26	0.7457	517100	3034283	761797.53	-0.017197	0.00290003	3.03057e-9	0	114872787	115351087	37
264	1	9	rs2418449	119731359	C	T	0.282	0.287	0.998	0.97775	0.0026	5.616e-18	4	+++++++++-+++???-?-++-+++-+?	32.6	22	0.06717	521850	3022756	768560.59	-0.0225013	0.00260006	4.96624e-18	0	119544310	119839707	62
265	1	9	rs10759942	120515918	T	C	0.351	0.346	0.992	1.02173	0.0025	3.571e-18	3	+++-+++++-++++--++-++++-+-++	30.3	27	0.06672	524857	3059006	773606.41	0.0214973	0.00250006	8.06119e-18	0	120159213	120956879	112
266	1	9	rs17483782	122673169	A	G	0.387	0.392	0.983	0.97824	0.0024	1.978e-19	6	-----------+---+-+-+-+?--+-+	38.1	26	0.02473	517100	3034283	761797.53	-0.0220002	0.00240006	4.88574e-20	0	122648099	122676539	26
267	1	9	rs2596704	125647367	T	C	0.133	0.13	0.973	0.9755	0.0037	2.433e-11	3	+--+--+-----?-+-++----?--+--	24	25	0.1334	481627	2942982	710703.13	-0.0248051	0.00370006	2.02822e-11	0	125601067	126060367	88
268	1	9	rs1752164	126558537	C	T	0.144	0.142	0.992	1.01979	0.0034	5.746e-9	15	--------+++------+-+-----+--	0	27	0.5372	524857	3059006	773606.41	0.0195967	0.00340004	8.23015e-9	0	126272255	126822274	18
269	1	9	rs650599	127849318	C	A	0.298	0.301	0.993	0.9857	0.0026	2.007e-8	9	+++++++++++++--++---+-++++++	2.2	27	0.431	524857	3059006	773606.41	-0.0144032	0.00260003	3.03096e-8	0	127599318	128149318	47
270	1	9	rs627614	129657029	A	G	0.271	0.267	0.993	1.01643	0.0027	2.767e-9	3	++++++--+-++?+--+-++--+++++-	0	26	0.9455	489384	2967705	722512.02	0.0162965	0.00270003	1.58303e-9	0	129625180	130014280	89
271	1	9	rs11795079	136930134	C	T	0.178	0.178	0.951	1.02	0.0031	2.084e-10	4	---++-----++--++----++------	14.6	27	0.2468	524857	3059006	773606.41	0.0198026	0.00310004	1.6823e-10	0	136852969	136974069	12
272	1	9	rs11103658	137946850	A	G	0.148	0.147	0.985	1.02296	0.0033	1.024e-11	17	+++--++++-+++++-++-+-+?-+-+-	0	26	0.6531	517100	3034283	761797.53	0.0227004	0.00330005	6.03547e-12	0	137931850	137989750	30
273	1	9	rs77641763	140265782	T	C	0.129	0.128	0.9	1.04237	0.0039	5.085e-27	4	+++++++++++++-+++-++-+?+++?-	0	25	0.4898	502310	2885909	735653.76	NA	NA	NA	NA	140241182	140296482	20
274	1	10	rs997934	1795194	T	C	0.391	0.387	0.962	1.01613	0.0025	6.969e-11	25	+++++++-+-+++-+++++---?-+-++	7	26	0.361	517100	3034283	761797.53	0.0160013	0.00250003	1.54937e-10	0	1771825	1867225	4
275	1	10	rs2253422	5932187	C	A	0.495	0.49	0.943	1.01511	0.0024	3.319e-10	4	--++-----+------+---+----+-+	0	27	0.6081	524857	3059006	773606.41	0.014997	0.00240003	4.13958e-10	0	5878987	5981187	9
276	1	10	rs7905192	12711949	C	T	0.418	0.419	0.996	1.01552	0.0024	9.819e-11	3	---+------+--+-------------+	0	27	0.6529	524857	3059006	773606.41	0.0154008	0.00240003	1.39061e-10	0	12631713	12798613	10
277	1	10	rs7099380	18549016	G	A	0.45	0.452	0.992	0.98491	0.0024	9.502e-11	45	+++++++++-+-+--++-++-+-++-++	26	27	0.1054	524857	3059006	773606.41	-0.015205	0.00240003	2.36825e-10	0	18537616	18578116	5
278	1	10	rs1802669	21827796	A	G	0.351	0.353	0.983	1.01471	0.0025	1.05e-8	4	++?+-+--++-++-+-+--++-++++?+	0	25	0.6526	491510	2885010	725815.04	0.0146029	0.00250003	5.18582e-9	0	21698727	22299727	6
279	1	10	rs2002023	76848524	T	C	0.416	0.418	0.993	1.01511	0.0024	3.079e-10	3	++++-++-++--+++++----+-++++-	0	27	0.5433	524857	3059006	773606.41	0.014997	0.00240003	4.13952e-10	0	76664524	77070524	27
280	1	10	rs12778915	77617557	G	A	0.314	0.312	0.985	0.97932	0.0025	2.35e-16	9	-++-++++++++++--+--++++++++-	0	27	0.6656	524857	3059006	773606.41	-0.0208968	0.00250005	6.34972e-17	0	77311557	77660757	40
281	1	10	rs10786333	99090390	G	A	0.405	0.402	0.988	1.01562	0.0024	1.398e-10	3	--++---+-++---+------+------	0	27	0.5802	524857	3059006	773606.41	0.0154993	0.00240003	1.06125e-10	0	98950390	99278390	58
282	1	10	rs61711946	99839373	G	A	0.173	0.175	0.98	0.98216	0.0031	8.735e-9	3	+++++++++-++++-+-+++++++++-+	16.4	27	0.2214	524857	3059006	773606.41	-0.0180011	0.00310003	6.36986e-9	0	99693373	100048373	16
283	1	10	rs61691222	104420754	T	C	0.227	0.228	0.985	1.02061	0.0028	3.332e-13	3	++++++--+-++--+-+-++-+-++-+-	0	27	0.4866	524857	3059006	773606.41	0.0204005	0.00280005	3.1983e-13	0	104222754	104869754	37
284	1	10	rs11599313	106559287	T	C	0.208	0.211	0.992	0.9757	0.0029	1.891e-17	3	----------++----------++----	29.2	27	0.07602	524857	3059006	773606.41	-0.019267	0.00298517	1.08761e-10	-0.238991	106157254	107603254	404
284	2	10	rs10786831	106614571	A	G	0.402	0.396	0.994	1.02265	0.0024	9.569e-21	14	++++-++++-+++++-++++--+++-++	0	27	0.6804	524857	3059006	773606.41	0.0186171	0.00247049	4.85384e-14	0	106157254	107603254	404
285	1	10	rs145489334	115021616	T	G	0.0118	0.0121	0.898	1.08069	0.0115	1.722e-11	1	+++?+++-+?+++?????+-??+?+?+?	0	15	0.475	503404	2955214	740209.67	0.0775997	0.0115002	1.50216e-11	0	114844794	115097716	40
286	1	10	rs7072116	120161132	A	G	0.402	0.398	0.996	1.01633	0.0024	2.744e-11	3	+++--++++---+++-+-+++---+-+-	0	27	0.5926	524857	3059006	773606.41	0.0161981	0.00240003	1.48751e-11	0	120143132	120237032	30
287	1	10	rs1878167	125428064	T	C	0.314	0.314	0.991	1.01735	0.0025	1.23e-11	17	+++++++++-+++++++++++++++-++	28.8	27	0.07891	524857	3059006	773606.41	0.0172012	0.00250004	5.96923e-12	0	125310277	125504927	26
288	1	10	rs7083196	134954751	C	T	0.411	0.411	0.869	1.01806	0.0025	1.225e-12	4	---?------+-+----++---?----+	0	25	0.4659	516170	3028553	760197.26	0.0178989	0.00250004	8.10098e-13	0	134938051	135017051	17
289	1	11	rs11246137	371325	G	C	0.102	0.101	0.856	0.97317	0.0042	6.613e-11	3	++-?++++++-++-++++-+++++++?-	0	25	0.8415	510580	2907280	747548.1	-0.0271965	0.00420006	9.46487e-11	0	367425	381145	12
290	1	11	rs1994214	15730356	C	A	0.472	0.475	0.99	0.98699	0.0024	3.241e-8	19	-++--++-++++++-+++++++?-++++	40.3	26	0.01675	517100	3034283	761797.53	-0.0130954	0.00240002	4.8598e-8	0	15503140	15741640	2
291	1	11	rs7951365	16377044	C	T	0.309	0.309	0.926	1.01847	0.0026	2.019e-12	3	------+---+--+--+------+----	0	27	0.5121	524857	3059006	773606.41	0.0183015	0.00260004	1.93727e-12	0	16231044	16382884	33
292	1	11	rs11025506	20358935	G	C	0.31	0.311	0.996	1.01471	0.0025	7.967e-9	3	---------++-----+--------+--	10.1	27	0.3123	524857	3059006	773606.41	0.0146029	0.00250003	5.1857e-9	0	20262214	20372364	18
293	1	11	rs1396849	24573719	C	T	0.38	0.385	0.985	0.98639	0.0024	1.708e-8	3	+++-++++++++++-+++++++-++-++	0	27	0.8169	524857	3059006	773606.41	-0.0137035	0.00240002	1.13152e-8	0	24553332	24629342	69
294	1	11	rs10835372	28643913	C	T	0.376	0.38	0.985	0.98108	0.0024	6.351e-15	4	+++-+++++-+-++++++-+-+?-+++-	33.4	26	0.04854	517100	3034283	761797.53	-0.0191013	0.00240005	1.73826e-15	0	27599489	28709413	138
295	1	11	rs326740	29710982	C	A	0.357	0.352	0.995	1.01786	0.0025	2.319e-12	42	--?------++--------------+?+	0	25	0.8134	491510	2885010	725815.04	0.0177024	0.00250004	1.43276e-12	0	29565982	29863982	14
296	1	11	rs2045528	30602310	A	G	0.401	0.403	0.996	1.0143	0.0024	3.066e-9	61	++++++++-++++-++++-++++++++-	12.3	27	0.2797	524857	3059006	773606.41	0.0141987	0.00240003	3.29742e-9	0	30215426	30619610	38
297	1	11	rs7942007	31835418	G	A	0.182	0.178	0.992	1.02378	0.003	1.115e-14	29	---++---+----+-++-+--+-----+	35.6	27	0.03341	524857	3059006	773606.41	0.0235017	0.00300005	4.735e-15	0	30800455	31893968	256
298	1	11	rs145678014	32927778	T	G	0.0403	0.0417	0.947	0.96252	0.0061	4.713e-10	3	----+----?----?--?--+--+---+	41	24	0.01809	523597	3040275	771277.91	-0.0382004	0.00610008	3.7939e-10	0	32527778	33241778	65
299	1	11	rs11038752	46072537	T	C	0.173	0.169	0.974	1.02163	0.0031	7.891e-12	12	++++++++++-++-+-++++++?++-++	0	26	0.8673	517100	3034283	761797.53	0.0215025	0.00312974	6.40287e-12	-0.0888568	45640629	51239731	300
299	2	11	rs117837188	46327578	A	G	0.0534	0.052	0.945	1.02984	0.0053	3.36e-8	3	++++-+++-+-+++++++-+++-++---	0	27	0.5504	524857	3059006	773606.41	0.0324325	0.00533834	1.23688e-9	-0.0728893	45640629	51239731	300
299	3	11	rs11038895	46447246	T	C	0.0991	0.0983	0.87	0.97375	0.0043	4.361e-10	3	---+---------++-----+-?----+	0	26	0.8993	517100	3034283	761797.53	-0.0238666	0.00432284	3.36978e-8	-0.0743588	45640629	51239731	300
299	4	11	rs76416526	48239731	T	C	0.082	0.0802	0.97	1.03066	0.0043	2.45e-12	3	+++++++-+++++-++++-+--+++-+-	43.6	27	0.008001	524857	3059006	773606.41	0.0268306	0.00434082	6.37015e-10	0	45640629	51239731	300
300	1	11	rs11602109	57435296	A	G	0.331	0.327	0.99	1.02081	0.0025	1.46e-16	3	+++++++-+-+++++++--+-+++++++	28.2	27	0.08425	524857	3059006	773606.41	0.0205964	0.00250005	1.74548e-16	0	57234296	57913296	106
301	1	11	rs3741265	61165280	G	A	0.138	0.139	0.974	0.97795	0.0034	1.062e-10	20	+++-+++++-+++++++--++++++-+-	0	27	0.7358	524857	3059006	773606.41	-0.0222967	0.00340005	5.46198e-11	0	60952070	61274370	74
302	1	11	rs174548	61571348	G	C	0.314	0.307	0.999	1.02388	0.0025	7.841e-21	27	----------+------------+----	23.4	27	0.1329	524857	3059006	773606.41	0.0235993	0.00250007	3.74679e-21	0	61380730	61678348	100
303	1	11	rs11231606	63614221	G	A	0.452	0.451	0.973	1.01542	0.0024	2.264e-10	3	------+--+----++--+---?--+--	41.4	26	0.01368	517100	3034283	761797.53	0.0156478	0.00240056	7.10643e-11	0.0215215	63587977	64214751	16
303	2	11	rs1807304	63859751	G	A	0.248	0.249	0.978	0.98206	0.0027	4.116e-11	28	+++--++++-+++-+-+--++++++++-	28.2	27	0.08456	524857	3059006	773606.41	-0.0184733	0.00270063	7.89964e-12	0	63587977	64214751	16
304	1	11	rs10793250	70542984	A	G	0.468	0.47	0.988	0.98669	0.0024	1.261e-8	20	--------++---++----+-+---+--	0	27	0.6441	524857	3059006	773606.41	-0.0133994	0.00240002	2.36366e-8	0	70506184	70706984	3
305	1	11	rs4433590	73310668	G	A	0.179	0.171	0.98	1.02194	0.0031	3.7e-12	3	---+-+-------++0-+----++-+--	29.8	27	0.07115	524857	3059006	773606.41	0.0221156	0.00310097	9.90453e-13	-0.0247008	73004373	74094193	141
305	2	11	rs7934784	73603797	C	T	0.416	0.417	0.99	1.01278	0.0024	1.126e-7	3	------+-+-+--+-+---------+--	30.5	27	0.06504	524857	3059006	773606.41	0.0131161	0.00240073	4.6713e-8	0	73004373	74094193	141
306	1	11	rs505564	83277912	A	G	0.373	0.375	0.998	0.98482	0.0024	2.17e-10	3	----+------++-----+-+-++----	8.3	27	0.3401	524857	3059006	773606.41	-0.0152964	0.00240003	1.84856e-10	0	82930034	83550034	34
307	1	11	rs643566	88575037	A	G	0.316	0.321	0.99	0.97912	0.0025	1.002e-16	3	---+----------+------++--+--	0	27	0.5451	524857	3059006	773606.41	-0.0211011	0.00250005	3.16644e-17	0	88109888	89206033	489
308	1	11	rs656763	99509341	A	G	0.329	0.326	0.996	1.01857	0.0025	4.317e-13	3	++++++--+--+++++-++++++++-?-	29.8	26	0.07432	511510	2913010	749148.37	0.0183997	0.00250004	1.84245e-13	0	99342604	99610504	180
309	1	11	rs10789930	112842749	G	T	0.127	0.122	0.961	1.02798	0.0037	7.498e-14	25	---+----?----???-?-+++-----?	15.8	21	0.2504	498426	2830536	726801.38	0.0259318	0.00370525	2.58392e-12	0.0520363	112753049	113847177	562
309	2	11	rs7122246	113304457	G	A	0.407	0.4	0.985	1.02994	0.0024	4.51e-34	3	---------------+--+-++?-----	0	26	0.6797	517100	3034283	761797.53	0.0172307	0.00269395	1.59433e-10	-0.463331	112753049	113847177	562
309	3	11	rs11601054	113336172	A	G	0.358	0.37	0.99	0.96532	0.0025	3.654e-44	7	--------?----???-?----------	0	22	0.7484	499489	2832457	728170.03	-0.0295006	0.00282653	1.6799e-25	0.158333	112753049	113847177	562
309	4	11	rs73004019	113445451	T	C	0.021	0.0204	0.917	1.0321	0.0085	2.138e-4	5	+++++++++?-++??+-?+-+++?+?+-	8.1	21	0.3523	521530	3026611	768188.93	0.0531207	0.00860976	6.83663e-10	0	112753049	113847177	562
310	1	11	rs10750352	126702154	C	T	0.425	0.426	0.98	0.98541	0.0024	5.397e-10	26	++++++-+++-++++----+-++-+-+-	0	27	0.5728	524857	3059006	773606.41	-0.0146975	0.00240003	9.132e-10	0	126611554	126755454	2
311	1	11	rs10750488	131641026	C	A	0.495	0.489	0.934	1.01491	0.0025	1.908e-9	3	--------?----+----+---?--+--	0	25	0.8516	493676	2842063	720038.32	0.0147999	0.00250003	3.22161e-9	0	131639116	131653126	10
312	1	11	rs612823	133834104	C	T	0.402	0.399	0.954	0.98216	0.0025	2.772e-13	3	+++-+++-+---+--++++++-?-+-++	5	26	0.3903	517100	3034283	761797.53	-0.0180011	0.00250004	6.00737e-13	0	133698699	133855104	52
313	1	12	rs2238046	2299998	C	A	0.386	0.381	0.974	1.01796	0.0024	4e-13	3	--+---+--+----++-+--+-?--+-+	20.9	26	0.1665	517100	3034283	761797.53	0.0178006	0.00240004	1.19991e-13	0	2285725	2440825	101
314	1	12	rs1506788	22873846	T	C	0.368	0.371	0.996	1.0144	0.0024	4.339e-9	52	+++++++++++-+++++-+++++-++++	0	27	0.8866	524857	3059006	773606.41	0.0142973	0.00240003	2.56682e-9	0	22751730	22890730	2
315	1	12	rs78406069	24159115	A	G	0.202	0.205	0.983	0.97385	0.0029	2.55e-19	12	---+---------+--++--+----+--	9.8	27	0.3169	524857	3059006	773606.41	-0.026498	0.00290007	6.42055e-20	0	23987797	24284797	89
316	1	12	rs1379541	33440641	T	C	0.496	0.497	0.969	0.98659	0.0024	1.932e-8	5	--+-----------+--+--++?+----	19.8	26	0.1791	517100	3034283	761797.53	-0.0135007	0.00240002	1.85256e-8	0	33293641	34450641	6
317	1	12	rs826851	39112639	A	G	0.443	0.439	0.994	0.98334	0.0024	1.572e-12	3	---------+---++-+-+-+----+-+	2.4	27	0.4277	524857	3059006	773606.41	-0.0168003	0.00240004	2.55933e-12	0	37858897	39827897	252
318	1	12	rs11564282	40378739	A	C	0.111	0.113	0.988	0.9758	0.0037	6.268e-11	20	---------+--+----+---+-----+	9.5	27	0.321	524857	3059006	773606.41	-0.0244976	0.00370005	3.57057e-11	0	40224739	40823739	38
319	1	12	rs61928096	53780633	A	G	0.0359	0.035	0.94	1.04112	0.0066	7.932e-10	13	++-+++++++++++?++?++++?-++++	2.5	24	0.4274	516312	3019027	760300.14	0.0402971	0.00660008	1.02449e-9	0	53644633	54004633	2
320	1	12	rs12827788	54753185	C	T	0.492	0.49	0.931	0.9859	0.0024	5.501e-9	3	-++--+++++--++++++++-+?-++++	19.5	26	0.1835	517100	3034283	761797.53	-0.0142003	0.00240003	3.28414e-9	0	54623185	54919185	3
321	1	12	rs11171639	56040943	C	A	0.433	0.435	0.976	1.01379	0.0024	1.27e-8	3	-------+-------+++----?--+-+	0	26	0.6651	517100	3034283	761797.53	0.0136958	0.00240002	1.15306e-8	0	55895943	56050703	2
322	1	12	rs10783833	57961562	G	A	0.379	0.38	0.985	0.98472	0.0024	2.876e-10	3	+++-+++++---+???+?++++++++-?	0	22	0.6708	521850	3022756	768560.59	-0.0140812	0.00241196	5.28119e-9	0.104075	57637562	58499188	92
322	2	12	rs10877035	58321518	G	C	0.259	0.255	0.968	0.98305	0.0028	1.605e-9	5	++?+++++---+++++++-+++?++-?-	23	24	0.1486	483753	2860287	714006.15	-0.0154633	0.00281395	3.90238e-8	0	57637562	58499188	92
323	1	12	rs2363585	60791165	A	T	0.376	0.383	0.975	0.98	0.0024	1.692e-16	3	----+--+-+---+--------?--+--	11.4	26	0.2954	517100	3034283	761797.53	-0.0202027	0.00240005	3.84246e-17	0	60115165	61700747	470
324	1	12	rs11174358	62561299	A	G	0.104	0.105	0.971	1.02655	0.0039	1.595e-11	31	+++++++++-+-++--++-+--++++++	0	27	0.8127	524857	3059006	773606.41	0.0262037	0.00390006	1.83226e-11	0	62395299	63051299	53
325	1	12	rs10879736	74531198	A	G	0.414	0.416	0.986	0.98551	0.0024	1.16e-9	18	---+------+----+-----+-+----	0	27	0.9895	524857	3059006	773606.41	-0.014596	0.00240003	1.18992e-9	0	73885047	74878047	116
326	1	12	rs7963537	77840997	G	A	0.309	0.312	0.969	0.98472	0.0027	1.523e-8	15	-+?+++--+-++?+++++-++---++?-	17	24	0.2234	456037	2793709	674720.65	-0.0153979	0.00270003	1.17813e-8	0	77806712	78077912	4
327	1	12	rs11835419	84585161	A	C	0.27	0.271	0.993	1.01776	0.0026	3.194e-11	3	+++--+++++-++-+++++++-+++-++	0	27	0.9184	524857	3059006	773606.41	0.0176041	0.00260004	1.28147e-11	0	83969161	84995161	390
328	1	12	rs1086549	92783274	A	G	0.471	0.475	0.996	0.98699	0.0023	2.631e-8	3	---+-----+---+-+-+--+-+--+--	2.3	27	0.4299	524857	3059006	773606.41	-0.0130954	0.00230002	1.2439e-8	0	92736629	92827629	13
329	1	12	rs7135240	103535020	A	G	0.492	0.488	0.993	1.01694	0.0024	4.458e-12	46	++?-+++++-+++--++-+++++++-?+	0	25	0.5907	491510	2885010	725815.04	0.0167981	0.00240004	2.57616e-12	0	103354047	103621520	27
330	1	12	rs1558804	109898732	G	A	0.454	0.451	0.99	1.01593	0.0024	9.319e-11	3	--?+-------------++--+----?-	0	25	0.9724	491510	2885010	725815.04	0.0158044	0.00240003	4.54653e-11	0	109840932	110083098	42
331	1	12	rs2193534	110297222	A	G	0.46	0.455	0.987	1.01521	0.0024	1.656e-10	3	+++-++++-+++++++-+++-++++-+-	0	27	0.7356	524857	3059006	773606.41	0.0143805	0.0024035	2.18877e-9	0.0546026	110270922	113027447	15
331	2	12	rs147001808	112964847	T	C	0.104	0.101	0.981	1.02316	0.0039	6.014e-9	3	+++-++-++-++++--+--++++-+-+-	25.9	27	0.1059	524857	3059006	773606.41	0.0216412	0.00390567	3.00797e-8	0	110270922	113027447	15
332	1	12	rs61943397	118828801	G	A	0.163	0.162	0.996	1.02542	0.0033	1.289e-14	3	-------+-++-?+--------------	0	26	0.7189	489384	2967705	722512.02	0.0251023	0.00330006	2.81375e-14	0	118530801	118889201	205
333	1	12	rs4454799	121317075	T	G	0.478	0.477	0.991	1.01847	0.0023	5.47e-15	10	++++++++++++--+++--++--+++++	0	27	0.7406	524857	3059006	773606.41	0.0183015	0.00230004	1.76226e-15	0	121045966	121488966	25
334	1	12	rs61953497	121909573	C	T	0.403	0.404	0.995	0.98482	0.0024	2.174e-10	3	++-++++++++++???+?+++---+++?	13.5	22	0.2769	521850	3022756	768560.59	-0.0152964	0.00240003	1.84859e-10	0	121816336	122476130	7
335	1	12	rs28675824	123853449	C	G	0.204	0.208	0.979	0.9799	0.0031	1.005e-10	3	--------?+++?-----+-++---+?+	1	24	0.4477	452613	2629489	656294.77	-0.0203048	0.00310005	5.76002e-11	0	123296449	123921249	177
336	1	13	rs9533036	42786733	A	G	0.152	0.155	0.989	1.01847	0.0033	3.886e-8	4	+++-+-+++++++--++++++---+-?-	15.5	26	0.2364	511510	2913010	749148.37	0.0183015	0.00330003	2.92521e-8	0	42664360	42820160	3
337	1	13	rs4883690	54019093	C	G	0.398	0.393	0.974	1.03241	0.0025	1.557e-36	7	++?++++?+++++-+-+?++??+-++?+	55	21	0.001046	479178	2853871	710050.35	0.0318959	0.00250014	2.82571e-37	0	53614409	54685247	231
338	1	13	rs9537784	58291621	G	A	0.251	0.242	0.987	1.01633	0.0027	2.525e-9	16	---+-----+-+-+++-+---+-+-+--	0	27	0.5103	524857	3059006	773606.41	0.0161981	0.00270003	1.98253e-9	0	58252021	59206621	14
339	1	13	rs1359611	59855425	C	T	0.388	0.386	0.988	0.986	0.0024	6.354e-9	3	++--++-++-+++-+-+--++++-+-++	29.4	27	0.07411	524857	3059006	773606.41	-0.0140989	0.00240003	4.24172e-9	0	59832925	59927125	2
340	1	13	rs7989658	60325794	G	A	0.249	0.253	0.999	0.98373	0.0027	1.185e-9	4	+++++++++--++++++-+-+++++-+-	28.4	27	0.082170000000000007	524857	3059006	773606.41	-0.0164038	0.00270003	1.23669e-9	0	60226794	60825794	6
341	1	13	rs11839325	66588146	A	C	0.144	0.143	0.99	1.01949	0.0033	7.649e-9	3	+++-++-+++--++-++++++++++++-	0.9	27	0.4511	524857	3059006	773606.41	0.0193025	0.00330003	4.93993e-9	0	66457810	66824810	75
342	1	13	rs4635220	66946721	C	T	0.492	0.493	0.989	1.02	0.0023	2.444e-17	3	----+----+--------+-+-------	12.8	27	0.2721	524857	3059006	773606.41	0.0198026	0.00230005	7.32929e-18	0	66919729	67211823	45
343	1	13	rs7995526	67596668	C	T	0.107	0.109	0.998	1.02583	0.0038	2.041e-11	3	-----------+-???-?---++----?	10.8	22	0.3136	521850	3022756	768560.59	0.023542	0.00381219	6.59689e-10	-0.0813919	67281119	67843436	54
343	2	13	rs1325675	67821513	A	G	0.223	0.22	0.988	0.98069	0.0028	7.513e-12	3	------+--+++--++--+--+---+-+	0	27	0.7289	524857	3059006	773606.41	-0.018116	0.00280898	1.12349e-10	0	67281119	67843436	54
344	1	13	rs2210903	69576975	G	A	0.364	0.368	0.991	0.98462	0.0024	1.951e-10	4	+++-++-++++++-++++-++++++-++	0	27	0.8915	524857	3059006	773606.41	-0.0154995	0.00240003	1.06064e-10	0	69275694	70146486	13
345	1	13	rs2209577	71686172	A	G	0.397	0.393	0.994	1.0141	0.0024	4.651e-9	3	+++++++++++-+++-++-+-+-+++-+	27.2	27	0.09301	524857	3059006	773606.41	0.0140015	0.00240002	5.41473e-9	0	71551172	71727772	4
346	1	13	rs1324796	78864736	A	G	0.471	0.468	0.997	1.01359	0.0023	8.79e-9	28	++-+++++-++-+---+-+++++++-++	3.6	27	0.4101	524857	3059006	773606.41	0.0134985	0.00230002	4.38818e-9	0	78821939	79019639	2
347	1	13	rs9318626	79925955	T	C	0.399	0.401	0.983	0.9859	0.0024	3.823e-9	14	----+--------+++-+-----+---+	19.2	27	0.1838	524857	3059006	773606.41	-0.0142003	0.00240003	3.28409e-9	0	79809079	80239079	35
348	1	13	rs541731	80919712	T	C	0.374	0.379	0.957	0.98089	0.0025	5.966e-15	14	--++---+-+++------+---?+----	27.4	26	0.09478	517100	3034283	761797.53	-0.019295	0.00250005	1.1831e-14	0	80783712	81193712	14
349	1	13	rs7990700	82744744	A	T	0.377	0.375	0.978	1.01654	0.0025	6.585e-11	3	+++++++++--+?-+-+++++++++-++	8.6	26	0.3367	489384	2967705	722512.02	0.0164047	0.00250004	5.31665e-11	0	82295544	82946431	40
350	1	13	rs73532287	85234525	T	G	0.195	0.192	0.968	1.02214	0.0031	2.924e-12	5	+++-++-++++-?-+-+-++--+++-?+	12	25	0.2898	476037	2821709	698053.98	0.0218985	0.00310005	1.61876e-12	0	85127525	85609525	38
351	1	13	rs1323986	93999772	A	G	0.224	0.225	0.99	1.02102	0.0028	1.478e-13	5	++++++++++-++---+--++-++++++	0	27	0.8617	524857	3059006	773606.41	0.0208021	0.00280005	1.0926e-13	0	93938748	94152948	197
352	1	13	rs117863023	97027206	G	A	0.0644	0.0668	0.927	0.97074	0.0049	1.555e-9	3	++++-+-+++++++++++++++?-++++	17.2	26	0.2137	517100	3034283	761797.53	-0.0296966	0.00490006	1.35736e-9	0	96272206	97518325	43
353	1	13	rs3783007	99109816	G	T	0.38	0.377	0.965	1.01654	0.0025	2.543e-11	3	+--+-----++----+-+---+?+----	0	26	0.8771	517100	3034283	761797.53	0.0164047	0.00250004	5.31665e-11	0	99090816	99260816	6
354	1	14	rs34847883	33757795	G	A	0.31	0.315	0.992	0.98226	0.0025	1.68e-12	3	+++-+++++++++++-+-+-+-+-++++	19.7	27	0.1768	524857	3059006	773606.41	-0.0178992	0.00250004	8.0931e-13	0	33733847	33829247	8
355	1	14	rs7146146	39795207	G	T	0.457	0.455	0.975	0.98669	0.0024	1.882e-8	3	-++-+++-+++++++----+++++++++	16.7	27	0.2172	524857	3059006	773606.41	-0.0133994	0.00240002	2.36366e-8	0	39375103	39977503	5
356	1	14	rs1950829	42097937	A	G	0.499	0.493	0.994	1.02153	0.0023	1.396e-19	18	+++++++-+--+++-++-++--+-+++-	2	27	0.4345	524857	3059006	773606.41	0.0213015	0.00230006	2.01987e-20	0	41802710	42714275	129
357	1	14	rs1256044	64734027	G	A	0.441	0.438	0.996	0.98265	0.0024	1.227e-13	16	++++++++-+-+++++++-++--++-+-	21.4	27	0.1557	524857	3059006	773606.41	-0.0175023	0.00240004	3.04251e-13	0	64281007	65217479	52
358	1	14	rs35893220	69495265	C	T	0.351	0.348	0.974	1.01461	0.0025	7.829e-9	3	---+?----?++--+-+---+-++-+--	31.4	25	0.0648	517223	3017224	760707.53	0.0145043	0.00250003	6.56621e-9	0	69429410	69763110	33
359	1	14	rs2230237	75359670	G	A	0.464	0.46	0.999	1.01837	0.0023	9.983e-15	14	-------------+-++-+-++-----+	0	27	0.7947	524857	3059006	773606.41	0.0182033	0.00230004	2.48584e-15	0	74871953	75635953	69
360	1	14	rs17668186	82891741	C	T	0.131	0.132	0.959	1.02051	0.0035	6.418e-9	14	+-----------++---+-++--+-+--	5.5	27	0.3814	524857	3059006	773606.41	0.0203025	0.00350004	6.60569e-9	0	82853941	83086741	3
361	1	14	rs79688640	87405682	T	C	0.0432	0.0428	0.981	0.96841	0.0058	3.718e-8	3	---------?+0-+?--+++--+-----	19.2	25	0.1915	524018	3049409	772082.81	-0.0320997	0.00580005	3.12332e-8	0	87337195	87468895	2
362	1	14	rs1286152	91463489	C	A	0.249	0.25	0.985	0.98236	0.0028	1.189e-10	3	++++++-++-+-+---+++++-+-+-?+	8.2	26	0.342	511510	2913010	749148.37	-0.0177974	0.00280004	2.069e-10	0	91311489	91585489	28
363	1	14	rs12888770	98496873	C	T	0.0869	0.0871	0.982	1.02573	0.0042	1.425e-9	9	---+-------+-+-+--+-+-++-+--	0	27	0.5195	524857	3059006	773606.41	0.0256464	0.00420018	1.02145e-9	-0.0079897	98342676	98956393	128
363	2	14	rs7144406	98659847	G	A	0.206	0.205	0.981	1.02122	0.0029	6.037e-13	9	--+----------+--+---++-----+	0	27	0.5337	524857	3059006	773606.41	0.0211379	0.00290014	3.13255e-13	0	98342676	98956393	128
364	1	14	rs3783385	103367667	A	G	0.221	0.221	0.994	1.01979	0.0028	5.194e-12	3	+++-+++++--++-+-++++++?-+++-	0	26	0.6239	517100	3034283	761797.53	0.0195967	0.00280004	2.58315e-12	0	103170163	103430563	61
365	1	14	rs2896488	104079924	A	G	0.338	0.34	0.984	0.97151	0.0026	7.457e-28	3	---+----?-+-?+-------+-+----	14.3	25	0.2561	465960	2775485	680752.81	-0.0289037	0.00260011	1.04475e-28	0	103748988	104612988	295
366	1	15	rs12908404	29848687	G	A	0.124	0.12	0.944	1.02183	0.0037	8.107e-9	14	--+-----++-+-----++-+-?-----	16.8	26	0.2196	517100	3034283	761797.53	0.0215951	0.00370004	5.33248e-9	0	29822287	29884687	9
367	1	15	rs11073146	36390221	G	A	0.448	0.45	0.985	1.01369	0.0024	1.072e-8	7	---------+-----++----+-+----	0	27	0.9876	524857	3059006	773606.41	0.0135971	0.00240002	1.46681e-8	0	36352839	36507439	14
368	1	15	rs974567	37743865	C	T	0.36	0.348	0.971	1.01654	0.0025	9.537e-11	15	----+---?-+---++--+--------+	0	26	0.7146	501433	2866786	731847.2	0.0164047	0.00250003	5.31654e-11	0	37581315	37929915	38
369	1	15	rs7170151	38846678	T	C	0.267	0.267	0.992	1.02102	0.0026	4.651e-15	32	-++++++++--++-+-+++++++-+-+-	0	27	0.8862	524857	3059006	773606.41	0.0208021	0.00260005	1.23759e-15	0	38817187	39012887	58
370	1	15	rs12912742	40968531	T	C	0.501	0.501	0.979	0.98649	0.0024	7.465e-9	3	----+------+---------+++-+++	43.4	27	0.008249	524857	3059006	773606.41	-0.0136021	0.00240002	1.4491e-8	0	40725531	41126531	20
371	1	15	rs962950	47685416	T	A	0.334	0.334	0.974	1.01959	0.0025	1.885e-14	3	---------+----+++----+?-----	42.7	26	0.0106	517100	3034283	761797.53	0.0229502	0.00255835	2.94669e-19	-0.216049	47492416	48081719	73
371	2	15	rs4774501	47956756	A	G	0.272	0.271	0.971	1.01288	0.0027	2.142e-6	10	+++++-+-++-++-++++++-+?-++-+	0	26	0.5642	517100	3034283	761797.53	0.0180592	0.00276299	6.31387e-11	0	47492416	48081719	73
372	1	15	rs56175545	63988996	C	T	0.203	0.201	0.992	1.02327	0.0029	4.269e-15	3	---+--+---+-----+-+--+++----	24.2	27	0.1237	524857	3059006	773606.41	0.0230034	0.00290006	2.15548e-15	0	63738280	64185280	126
373	1	15	rs7174069	66393606	T	C	0.208	0.208	0.951	1.02255	0.003	6.779e-14	15	+++++++++-+++???+?-+++?-+++?	0	21	0.8629	514093	2998033	756751.7	0.0222995	0.00300006	1.06138e-13	0	66359506	66411306	29
374	1	15	rs4887111	74028285	G	A	0.392	0.397	0.984	0.98403	0.0024	2.56e-11	13	++++-++++++++++-+++---?++-+-	29.1	26	0.08014	517100	3034283	761797.53	-0.0141683	0.00241596	4.50658e-9	0.117475	73849285	74513118	79
374	2	15	rs4272992	74172153	A	G	0.457	0.458	0.997	0.98246	0.0023	4.669e-14	17	---++-+-----+---+------+----	34.2	27	0.04063	524857	3059006	773606.41	-0.016139	0.00231531	3.1566e-12	0	73849285	74513118	79
375	1	15	rs28501357	77990106	G	C	0.343	0.348	0.977	0.986	0.0025	2.1e-8	3	+++++++++--++-+++++++-?++++-	0	26	0.4974	517100	3034283	761797.53	-0.0140989	0.00250002	1.70541e-8	0	77976909	78164409	7
376	1	15	rs4362360	86940622	C	T	0.465	0.465	0.999	0.98531	0.0023	2.975e-10	38	+++++++-+-+-+++++-+-++-++-++	3.2	27	0.4171	524857	3059006	773606.41	-0.014799	0.0023000300000000002	1.24068e-10	0	86873322	87088622	25
377	1	15	rs8040943	88438876	T	C	0.278	0.275	0.97	1.01704	0.0026	1.837e-10	3	++++++--+-+++-+++++++++++---	0	27	0.6033	524857	3059006	773606.41	0.0168964	0.00260003	8.1107e-11	0	88392989	88451789	25
378	1	15	rs4702	91426560	G	A	0.45	0.45	0.989	1.02798	0.0024	1.154e-30	41	---?------+--+------++?----+	34.3	25	0.04595	516170	3028553	760197.26	0.0275957	0.0024001	1.3545e-30	0	91391160	91443060	9
379	1	15	rs35625885	96957969	G	A	0.124	0.124	0.923	1.02624	0.0037	1.452e-12	4	---------++---+----------++-	33.6	27	0.04444	524857	3059006	773606.41	0.0259016	0.00370006	2.55382e-12	0	96920969	97005169	3
380	1	16	rs17221054	6342445	G	A	0.202	0.2	0.977	1.01806	0.0029	1.404e-9	3	---+-----+++---+----+-------	45.4	27	0.005262	524857	3059006	773606.41	0.0178989	0.00290003	6.74468e-10	0	6269305	6346605	22
381	1	16	rs7191752	6637651	A	G	0.456	0.461	0.989	0.98403	0.0024	4.646e-11	3	--?------+---+-+-++-+-++-+?-	6.5	25	0.3698	491510	2885010	725815.04	-0.0160989	0.00240003	1.97609e-11	0	6610725	6649025	27
382	1	16	rs11640647	7662489	G	T	0.412	0.414	0.969	0.98305	0.0024	2.492e-12	3	+++++++++-+++++++--++++++-?+	34.8	26	0.03997	511510	2913010	749148.37	-0.0170953	0.00240004	1.05658e-12	0	7642288	7675678	11
383	1	16	rs34565142	12231347	T	C	0.159	0.161	0.993	0.98187	0.0032	1.284e-8	4	---++--+-+++-++-----++-----+	0	27	0.5373	524857	3059006	773606.41	-0.0182964	0.00320003	1.0806e-8	0	12206972	12464972	5
384	1	16	rs11646847	13088905	C	T	0.268	0.265	0.985	1.01969	0.0029	2.184e-11	14	--?-----?---?--+------+--+?-	8.5	23	0.343	432613	2601489	632961.44	0.0194987	0.00290005	1.77315e-11	0	13021805	13119505	10
385	1	16	rs1609680	13761373	C	T	0.146	0.149	0.989	1.01847	0.0033	4.33e-8	4	--------------++-++-+----+--	10.6	27	0.3059	524857	3059006	773606.41	0.0183015	0.00330003	2.92518e-8	0	13646117	13807517	2
386	1	16	rs12444467	17164762	A	T	0.349	0.35	0.978	0.98541	0.0025	4.659e-9	3	--+----+--+--+----+---?--+--	0	26	0.8215	517100	3034283	761797.53	-0.0146975	0.00250003	4.12912e-9	0	17043470	17245470	12
387	1	16	rs72771765	17965261	C	T	0.345	0.344	0.98	0.98501	0.0025	1.69e-9	4	++++++++-++++++-+-++--?-+++-	18.7	26	0.1931	517100	3034283	761797.53	-0.0151035	0.00250003	1.52848e-9	0	17842261	18062161	18
388	1	16	rs226008	21639322	A	G	0.332	0.336	0.997	0.98246	0.0025	1.971e-12	12	--+-+--+---+-???-?--++-+--+?	38	22	0.03468	521850	3022756	768560.59	-0.0176956	0.00250004	1.46113e-12	0	21518698	22714869	3
389	1	16	rs4787317	25353267	T	G	0.155	0.154	0.928	1.01877	0.0033	1.839e-8	3	+++++++++++++++++++++++-+-++	0	27	0.8055	524857	3059006	773606.41	0.018596	0.00330003	1.74961e-8	0	25244267	25527267	5
390	1	16	rs77493532	49590802	A	G	0.0629	0.0601	0.98	1.02984	0.0049	2.21e-9	5	+++++++++-+++-++++-+-+-++-++	14.9	27	0.2429	524857	3059006	773606.41	0.0294035	0.00490005	1.9653e-9	0	49549502	49650902	2
391	1	16	rs28498278	49831896	T	C	0.354	0.359	0.974	0.98511	0.0025	1.539e-9	3	---+---+-+-----+-+----?-----	0	26	0.6878	517100	3034283	761797.53	-0.015002	0.00250003	1.96431e-9	0	49761898	49846698	3
392	1	16	rs4306507	51212775	T	C	0.205	0.201	0.951	1.02081	0.003	9.848e-12	3	++++++++++--+++-++-+++?++++-	12.8	26	0.2753	517100	3034283	761797.53	0.0205964	0.00300005	6.63228e-12	0	51163075	51212775	10
393	1	16	rs11863548	54123512	A	G	0.308	0.308	0.987	1.01643	0.0025	1.675e-10	36	-+++++-++--++-+++--+++-++++-	14.6	27	0.2473	524857	3059006	773606.41	0.0162965	0.00250003	7.10055e-11	0	54114262	54143312	8
394	1	16	rs2617842	56388481	A	G	0.415	0.413	0.978	1.01684	0.0024	7.413e-12	3	+++-++++++++++-++-++--?-+-++	0	26	0.9432	517100	3034283	761797.53	0.0166998	0.00240004	3.44783e-12	0	56301530	56583481	29
395	1	16	rs62046253	60644621	T	C	0.342	0.346	0.989	0.98383	0.0025	5.412e-11	3	--++-----+-------+---++-----	7	27	0.3599	524857	3059006	773606.41	-0.0158034	0.00250145	2.65512e-10	-0.0341465	60583221	61056615	141
395	2	16	rs8062786	61037615	T	C	0.249	0.251	0.993	1.01674	0.0027	1.11e-9	3	+++-+++-++-++-+-++-++-?++-+-	2	26	0.434	517100	3034283	761797.53	0.0160277	0.00270156	2.97886e-9	0	60583221	61056615	141
396	1	16	rs2343206	65819237	A	C	0.468	0.468	0.985	1.0144	0.0024	2.233e-9	3	++-+-++++++++++---+--+?+++++	1.8	26	0.4376	517100	3034283	761797.53	0.0142973	0.00240003	2.56689e-9	0	65736162	65881062	14
397	1	16	rs1364063	69588572	C	T	0.419	0.42	0.999	0.9859	0.0024	1.952e-9	43	+++++++-+++++--++--++-+++---	0	27	0.6836	524857	3059006	773606.41	-0.0142003	0.00240003	3.28411e-9	0	69545072	70112572	15
398	1	16	rs3909541	72201119	A	G	0.466	0.462	0.99	0.98432	0.0024	3.121e-11	22	---+--------+--++---+-?-----	52.8	26	7.374e-4	517100	3034283	761797.53	-0.0158042	0.00240003	4.54909e-11	0	71437699	72866699	64
399	1	16	rs13336147	72985338	C	T	0.264	0.26	0.972	0.98324	0.0027	4.297e-10	3	++--++++++++---+++++-+--++++	0	27	0.8097	524857	3059006	773606.41	-0.016902	0.00270003	3.85166e-10	0	72953938	73070310	4
400	1	16	rs17768218	77029097	A	T	0.149	0.152	0.969	0.97804	0.0033	2.572e-11	3	----+----+++-+-+--+--+++----	22.4	27	0.1443	524857	3059006	773606.41	-0.0222047	0.00330005	1.71301e-11	0	76682566	77284250	65
401	1	16	rs9933458	82876533	T	C	0.342	0.343	0.962	0.9858	0.0025	1.977e-8	3	---+---+-++---+--+---+----?+	0	26	0.5387	511510	2913010	749148.37	-0.0143018	0.00250003	1.0611e-8	0	82845633	82953933	3
402	1	16	rs876987	87882209	G	A	0.331	0.332	0.98	1.0143	0.0025	2.467e-8	3	---+----------+---+----+-++-	0	27	0.7968	524857	3059006	773606.41	0.0141987	0.00250002	1.35149e-8	0	87843689	87886389	4
403	1	17	rs7212587	2314024	G	A	0.294	0.296	0.929	0.98501	0.0026	1.182e-8	5	++--++-+++-++-++++++-+?+++++	0	26	0.7654	517100	3034283	761797.53	-0.0151035	0.00260003	6.28556e-9	0	2145024	2577024	3
404	1	17	rs6503089	8073296	T	C	0.332	0.336	0.97	0.98334	0.0025	3.75e-11	3	---------+---+++----+-?+-+-+	0	26	0.9175	517100	3034283	761797.53	-0.0168003	0.00250004	1.81693e-11	0	8036596	8242296	36
405	1	17	rs117999660	27368639	A	G	0.0806	0.0802	0.981	1.03056	0.0043	4.232e-12	3	+++++++-+--+++++++-+--+++-+-	5.4	27	0.3841	524857	3059006	773606.41	0.0301023	0.00430006	2.55178e-12	0	26956554	28360639	9
406	1	17	rs11656151	44068492	G	A	0.237	0.239	0.982	0.98285	0.0028	4.761e-10	7	++-+++++-++++-++++++-+++++++	12.9	27	0.2717	524857	3059006	773606.41	-0.0172988	0.00280003	6.48907e-10	0	43935579	44986579	6
407	1	17	rs7223029	45701731	T	C	0.5	0.497	0.985	0.98629	0.0025	2.718e-8	3	------+-?-+-?--------+-+----	16.9	25	0.2215	465960	2775485	680752.81	-0.0138048	0.00250003	3.35426e-8	0	45377731	45857731	2
408	1	17	rs2740760	46643389	A	G	0.431	0.428	0.987	1.01481	0.0024	7.201e-10	4	++++++-++--+--+++--+----+-++	21.9	27	0.1495	524857	3059006	773606.41	0.0147014	0.00240003	9.03929e-10	0	46464389	46803389	4
409	1	17	rs8067697	57328906	G	A	0.336	0.332	0.944	1.01562	0.0027	1.619e-8	3	----+---?---?+++-+--+-?--+?-	13.6	23	0.2725	444856	2604766	644485.89	0.0154993	0.00270003	9.44455e-9	0	56417213	57385213	3
410	1	17	rs7226054	63380264	C	T	0.0618	0.0592	0.995	1.03128	0.0049	3.033e-10	10	---+-------+-----+-+-+-----+	0	27	0.5944	524857	3059006	773606.41	0.0308007	0.00490006	3.26205e-10	0	63200264	63431564	40
411	1	17	rs1976054	65833224	G	T	0.208	0.209	0.966	1.02102	0.0029	1.389e-12	3	---------++-----++--++?+----	6.4	26	0.3694	517100	3034283	761797.53	0.0208021	0.00290005	7.33595e-13	0	65764118	66148918	178
412	1	17	rs1106343	73818872	A	G	0.192	0.191	0.986	1.01806	0.003	3.921e-9	29	+++++++++-+++-+-++-+++-++-?-	0	26	0.5129	511510	2913010	749148.37	0.0178989	0.00300003	2.42791e-9	0	73754872	74000872	2
413	1	17	rs1285248	77810444	G	A	0.15	0.152	0.918	0.97629	0.0034	3.109e-12	4	+++++++++--++++++-+++-?-+++-	0	26	0.6289	517100	3034283	761797.53	-0.0239956	0.00340006	1.69632e-12	0	77763423	77855923	6
414	1	17	rs9908344	79992815	G	A	0.144	0.139	0.917	1.02041	0.0036	1.99e-8	4	--------?-+--+-----+++?--+-+	0	25	0.5112	493676	2842063	720038.32	0.0202045	0.00360004	1.99654e-8	0	79836815	80048115	3
415	1	18	rs3910499	4587632	G	A	0.302	0.302	0.982	0.98531	0.0026	1.428e-8	3	++-+++++++--+---++++++?++++-	0	26	0.9482	517100	3034283	761797.53	-0.014799	0.00260003	1.25659e-8	0	4519710	4589400	21
416	1	18	rs1652343	21131929	C	T	0.492	0.487	0.995	1.01481	0.0023	3.867e-10	26	---+---+-+++-+-+-+---+-+----	4.1	27	0.4033	524857	3059006	773606.41	0.0147014	0.0023000300000000002	1.63905e-10	0	20894929	21165429	63
417	1	18	rs547492	26481458	G	A	0.466	0.462	0.977	1.01562	0.0024	5.576e-11	3	--------------+---+----+-+--	0	27	0.6443	524857	3059006	773606.41	0.0154993	0.00240003	1.06127e-10	0	26105458	26672458	128
418	1	18	rs7229584	30610875	A	G	0.0881	0.0822	0.967	1.02716	0.0043	5.179e-10	3	++-+++++++--+--+++++++--+++-	0	27	0.6512	524857	3059006	773606.41	0.0267977	0.00430005	4.6067e-10	0	30541313	30887913	24
419	1	18	rs11081827	31390228	A	C	0.483	0.481	0.992	1.01816	0.0024	5.512e-14	3	++++++-++++++++++++++++-+-?+	1.9	26	0.4363	511510	2913010	749148.37	0.0179971	0.00240004	6.44756e-14	0	31093468	31423068	193
420	1	18	rs11082013	35186448	G	T	0.343	0.34	0.988	1.01542	0.0025	1.018e-9	3	-------------+-+--+---?--+--	24	26	0.13	517100	3034283	761797.53	0.0153023	0.00250003	9.30784e-10	0	35091448	35345448	24
421	1	18	rs79628783	36844401	T	A	0.0859	0.086	0.962	0.97317	0.0044	4.634e-10	3	++--+++++--+?-+++++++++++-++	0	26	0.6029	489384	2967705	722512.02	-0.0271965	0.00440006	6.37199e-10	0	36334401	36978401	60
422	1	18	rs17656030	39294665	G	A	0.112	0.114	0.98	0.97122	0.0037	4.468e-15	15	+++++++++-+++-++++++++-++-+-	21.9	27	0.1497	524857	3059006	773606.41	-0.0292023	0.00370007	2.96523e-15	0	38863665	39324065	185
423	1	18	rs4632195	50746748	C	T	0.47	0.478	0.996	0.97356	0.0023	2.477e-30	9	++++-++++-+++++++-+++--+++++	20.6	27	0.1653	524857	3059006	773606.41	-0.0267958	0.00230009	2.29796e-31	0	50206659	51060741	403
424	1	18	rs12968035	52471537	G	A	0.199	0.198	0.964	0.97356	0.0031	1.929e-18	3	+++-+++++-++++-++++++-?-++++	8.2	26	0.3426	517100	3034283	761797.53	-0.0225773	0.00312324	4.87211e-13	-0.106195	51200890	53711343	324
424	2	18	rs55943003	52754086	A	G	0.244	0.243	0.948	1.0248	0.0028	1.421e-18	23	++++++++++-+++++++++--?-+-++	0	26	0.9294	517100	3034283	761797.53	0.0182802	0.00285496	1.52401e-10	0.175145	51200890	53711343	324
424	3	18	rs12967143	53099012	G	C	0.299	0.298	0.975	1.02685	0.0026	2.0119999999999998e-24	4	---------------+-+----------	14	27	0.2551	524857	3059006	773606.41	0.022016	0.00264561	8.67045e-17	0	51200890	53711343	324
425	1	18	rs3760570	60239287	G	A	0.311	0.309	0.995	1.01491	0.0026	1.291e-8	8	-------+-----???-?----?+--?+	0	21	0.8707	501809	2853958	733662.31	0.0147999	0.00260003	1.25405e-8	0	60152046	60257246	7
426	1	18	rs7231405	63494190	A	T	0.286	0.279	0.973	1.01572	0.0026	2.945e-9	3	++++-++++-+++++---++++?---+-	39.3	26	0.02004	517100	3034283	761797.53	0.0155977	0.00260003	1.98475e-9	0	63217190	63668190	62
427	1	18	rs62112159	74514311	A	G	0.228	0.226	0.979	1.01654	0.0028	8.176e-9	12	++-++++++-+++---++++-+-+++-+	7.4	27	0.353	524857	3059006	773606.41	0.0164047	0.00280003	4.66335e-9	0	74484976	74696276	14
428	1	18	rs7241572	77580712	A	G	0.202	0.198	0.981	1.02286	0.0029	1.719e-14	3	++++++++++++++--++-+-++++-++	0	27	0.8835	524857	3059006	773606.41	0.0226026	0.00290005	6.49936e-15	0	77410986	77687986	13
429	1	19	rs10402864	4040305	G	A	0.162	0.166	0.969	0.97981	0.0032	3.699e-10	51	+++-+++-+--++++-+-++-+-++++-	33.3	27	0.04589	524857	3059006	773606.41	-0.0203966	0.00320004	1.84334e-10	0	4006479	4083879	14
430	1	19	rs148108087	51781455	A	G	0.0584	0.0605	0.769	0.9658	0.0056	5.901e-10	2	+--?-----++?-???-+-+--?+----	5.6	21	0.385	509040	2987278	749010.27	-0.0347985	0.00560009	5.16779e-10	0	51640455	51866340	4
431	1	20	rs875519	31091235	C	T	0.323	0.316	0.946	1.01674	0.0026	1.172e-10	28	----+----++--------+--?---++	22.7	26	0.1445	517100	3034283	761797.53	0.0166014	0.00260003	1.7132e-10	0	30648235	31187535	111
432	1	20	rs198495	36266801	A	G	0.334	0.336	0.992	1.0141	0.0025	1.792e-8	8	+++-++++-+++++++-+-++++-+-++	0	27	0.6029	524857	3059006	773606.41	0.0140015	0.00250002	2.13678e-8	0	36206501	36525801	2
433	1	20	rs17265513	39832628	C	T	0.208	0.202	0.997	1.02061	0.0029	4.061e-12	38	----+-++------+-++---++---?+	33	26	0.05072	511510	2913010	749148.37	0.0204005	0.00290004	1.99906e-12	0	39613628	40269628	70
434	1	20	rs6030819	42016041	A	T	0.194	0.192	0.96	1.01715	0.003	1.977e-8	3	+++-+++++++++0++++++++-++-++	0	27	0.8582	524857	3059006	773606.41	0.0170046	0.00300003	1.44353e-8	0	41942301	42087501	9
435	1	20	rs9074	44688665	A	G	0.267	0.267	0.987	1.02583	0.0026	6.958999999999998e-22	45	++++++++++-++-+++-+++--++++-	0	27	0.4746	524857	3059006	773606.41	0.025502	0.00260007	1.03825e-22	0	44499665	44782465	54
436	1	20	rs6066219	45793967	T	A	0.388	0.393	0.928	0.98157	0.0025	2.883e-13	3	+++-+++++?++?++++-++-+??+-++	0	23	0.8912	480575	2937436	708965.81	-0.0186019	0.00250005	1.00212e-13	0	45755287	45930687	31
437	1	20	rs2038509	47808070	A	G	0.405	0.411	0.99	0.98501	0.0024	4.752e-10	4	---------+-+-++--------+--?-	0	26	0.8122	511510	2913010	749148.37	-0.0151035	0.00240003	3.11293e-10	0	47258117	48131679	92
438	1	20	rs17805843	51205902	T	A	0.178	0.181	0.975	0.9721	0.0031	9.339e-20	3	++++-++-+++++-++++-+-+?++-++	0	26	0.5691	517100	3034283	761797.53	-0.0282966	0.00310008	6.99757e-20	0	50751902	51289702	351
439	1	20	rs6128814	59008217	G	C	0.201	0.203	0.994	0.98344	0.0029	1.33e-8	3	+++--+-+++-++++---++++++++++	0.1	27	0.4629	524857	3059006	773606.41	-0.0166986	0.00290003	8.50758e-9	0	58970217	59062317	5
440	1	20	rs2426971	59770941	A	G	0.397	0.399	0.992	0.986	0.0024	6.065e-9	9	+--++--------???-?+-++---+++	40.9	23	0.02027	522913	3024677	769929.24	-0.0140989	0.00240003	4.24174e-9	0	59769610	59856510	5
441	1	20	rs3827020	61980991	C	T	0.185	0.183	0.934	1.02122	0.0032	3.177e-11	4	---++----++--------++-?--+--	0	26	0.8748	517100	3034283	761797.53	0.020998	0.00320005	5.31697e-11	0	61952091	61997391	6
442	1	20	rs7271806	62846274	T	C	0.231	0.233	0.965	0.98354	0.0028	4.075e-9	3	---+----+-+-------+-++-+-+--	0	27	0.9141	524857	3059006	773606.41	-0.016597	0.00280003	3.07703e-9	0	62839714	62911274	3
443	1	21	rs2838764	46488169	C	A	0.375	0.382	0.973	0.98206	0.0025	2.637e-13	16	+++-+++-+---++++++-+++?+++++	0	26	0.6038	517100	3034283	761797.53	-0.0181029	0.00250004	4.45275e-13	0	46416369	46730338	125
444	1	22	rs3788337	23412017	A	G	0.36	0.366	0.951	0.98314	0.0026	8.907e-11	46	--?-----?---------+-+-++--?-	21.8	24	0.1627	468086	2692790	684055.83	-0.0170037	0.00260004	6.16066e-11	0	23298017	23549017	6
445	1	22	rs2284016	37096794	C	T	0.413	0.407	0.993	1.01349	0.0024	4.293e-8	3	---++---?++----------+---+++	22.4	26	0.1475	501433	2866786	731847.2	0.0133998	0.00240002	2.36138e-8	0	37003456	37141147	2
446	1	22	rs13056300	41408754	C	T	0.27	0.271	0.968	1.02562	0.0027	4.688e-21	3	----------+---+-+---+-?+-+--	17.9	26	0.204	517100	3034283	761797.53	0.025297300000000002	0.00270008	7.31515e-21	0	40753819	42690354	180
447	1	22	rs7291412	46459132	T	G	0.345	0.343	0.99	0.98246	0.0025	9.026e-13	56	----+--+--+--++------+-----+	0	27	0.5243	524857	3059006	773606.41	-0.0176956	0.00250004	1.46114e-12	0	46393932	46484432	3
448	1	22	rs1074227	48875958	T	C	0.441	0.44	0.979	0.9858	0.0024	4.745e-9	4	------+--++-------+-+-++--?-	0	26	0.6037	511510	2913010	749148.37	-0.0143018	0.00240003	2.5376e-9	0	48846619	48903319	3
